1.000000000000000021e-03
1.006832439304737809e-03
1.013711560836327505e-03
1.020637683548252742e-03
1.027611128573223355e-03
1.034632219238072965e-03
1.041701281078743309e-03
1.048818641855380450e-03
1.055984631567534861e-03
1.063199582469454962e-03
1.070463829085500137e-03
1.077777708225643961e-03
1.085141559001094082e-03
1.092555722840017488e-03
1.100020543503364874e-03
1.107536367100816219e-03
1.115103542106822424e-03
1.122722419376764261e-03
1.130393352163224299e-03
1.138116696132357485e-03
1.145892809380390752e-03
1.153722052450217601e-03
1.161604788348120183e-03
1.169541382560601540e-03
1.177532203071324744e-03
1.185577620378183879e-03
1.193678007510473246e-03
1.201833740046187766e-03
1.210045196129439383e-03
1.218312756487982106e-03
1.226636804450874103e-03
1.235017725966242128e-03
1.243455909619180623e-03
1.251951746649771153e-03
1.260505630971215036e-03
1.269117959188106057e-03
1.277789130614811379e-03
1.286519547293989499e-03
1.295309614015234621e-03
1.304159738333835741e-03
1.313070330589684266e-03
1.322041803926290266e-03
1.331074574309941416e-03
1.340169060548993983e-03
1.349325684313280914e-03
1.358544870153675400e-03
1.367827045521763287e-03
1.377172640789668147e-03
1.386582089270009055e-03
1.396055827235982835e-03
1.405594293941597002e-03
1.415197931642038671e-03
1.424867185614171836e-03
1.434602504177193366e-03
1.444404338713407409e-03
1.454273143689166752e-03
1.464209376675933236e-03
1.474213498371497975e-03
1.484285972621346428e-03
1.494427266440155524e-03
1.504637850033451688e-03
1.514918196819416531e-03
1.525268783450826329e-03
1.535690089837165413e-03
1.546182599166863805e-03
1.556746797929713100e-03
1.567383175939412879e-03
1.578092226356284317e-03
1.588874445710142290e-03
1.599730333923305835e-03
1.610660394333783161e-03
1.621665133718613655e-03
1.632745062317354084e-03
1.643900693855747819e-03
1.655132545569531740e-03
1.666441138228431798e-03
1.677826996160295845e-03
1.689290647275409896e-03
1.700832623090980499e-03
1.712453458755767597e-03
1.724153693074902995e-03
1.735933868534876665e-03
1.747794531328678101e-03
1.759736231381134114e-03
1.771759522374391927e-03
1.783864961773606308e-03
1.796053110852772854e-03
1.808324534720758166e-03
1.820679802347505887e-03
1.833119486590407314e-03
1.845644164220866523e-03
1.858254415951049151e-03
1.870950826460793812e-03
1.883733984424736238e-03
1.896604482539588233e-03
1.909562917551633696e-03
1.922609890284383361e-03
1.935746005666437930e-03
1.948971872759542668e-03
1.962288104786813307e-03
1.975695319161176189e-03
1.989194137513999438e-03
2.002785185723902385e-03
2.016469093945788982e-03
2.030246496640051006e-03
2.044118032602000676e-03
2.058084344991474145e-03
2.072146081362657467e-03
2.086303893694118131e-03
2.100558438419021338e-03
2.114910376455571804e-03
2.129360373237665013e-03
2.143909098745722802e-03
2.158557227537778300e-03
2.173305438780733043e-03
2.188154416281856956e-03
2.203104848520496487e-03
2.218157428679984420e-03
2.233312854679793402e-03
2.248571829207884204e-03
2.263935059753287727e-03
2.279403258638920335e-03
2.294977143054590003e-03
2.310657435090270918e-03
2.326444861769566292e-03
2.342340155083423581e-03
2.358344052024081289e-03
2.374457294619223072e-03
2.390680629966400721e-03
2.407014810267658379e-03
2.423460592864414790e-03
2.440018740272584946e-03
2.456690020217917707e-03
2.473475205671611839e-03
2.490375074886136755e-03
2.507390411431325607e-03
2.524522004230712099e-03
2.541770647598090658e-03
2.559137141274368896e-03
2.576622290464626076e-03
2.594226905875457803e-03
2.611951803752569651e-03
2.629797805918606714e-03
2.647765739811278485e-03
2.665856438521703193e-03
2.684070740833044422e-03
2.702409491259408821e-03
2.720873540084983201e-03
2.739463743403481276e-03
2.758180963157815489e-03
2.777026067180071549e-03
2.795999929231754010e-03
2.815103429044281229e-03
2.834337452359782586e-03
2.853702890972176307e-03
2.873200642768495346e-03
2.892831611770545035e-03
2.912596708176791015e-03
2.932496848404588050e-03
2.952532955132647352e-03
2.972705957343826574e-03
2.993016790368210802e-03
3.013466395926462857e-03
3.034055722173494094e-03
3.054785723742437040e-03
3.075657361788883878e-03
3.096671604035476210e-03
3.117829424816750700e-03
3.139131805124336858e-03
3.160579732652420669e-03
3.182174201843549540e-03
3.203916213934748184e-03
3.225806777003922907e-03
3.247846906016610673e-03
3.270037622873049523e-03
3.292379956455535658e-03
3.314874942676153489e-03
3.337523624524781074e-03
3.360327052117475025e-03
3.383286282745136438e-03
3.406402380922541120e-03
3.429676418437708520e-03
3.453109474401575094e-03
3.476702635298035450e-03
3.500456995034331286e-03
3.524373654991744351e-03
3.548453724076692725e-03
3.572698318772113760e-03
3.597108563189263357e-03
3.621685589119806679e-03
3.646430536088307410e-03
3.671344551405073507e-03
3.696428790219328641e-03
3.721684415572783493e-03
3.747112598453573515e-03
3.772714517850521941e-03
3.798491360807838661e-03
3.824444322480125263e-03
3.850574606187820263e-03
3.876883423472963098e-03
3.903371994155382246e-03
3.930041546389262397e-03
3.956893316720064627e-03
3.983928550141873325e-03
4.011148500155129956e-03
4.038554428824725484e-03
4.066147606838550754e-03
4.093929313566375613e-03
4.121900837119205074e-03
4.150063474408970284e-03
4.178418531208674853e-03
4.206967322212949723e-03
4.235711171098985317e-03
4.264651410587914741e-03
4.293789382506621108e-03
4.323126437849920435e-03
4.352663936843237207e-03
4.382403249005635548e-03
4.412345753213352609e-03
4.442492837763700568e-03
4.472845900439449164e-03
4.503406348573647106e-03
4.534175599114846807e-03
4.565155078692818315e-03
4.596346223684702123e-03
4.627750480281584387e-03
4.659369304555579551e-03
4.691204162527309353e-03
4.723256530233910060e-03
4.755527893797439551e-03
4.788019749493793546e-03
4.820733603822096279e-03
4.853670973574520514e-03
4.886833385906631452e-03
4.920222378408204214e-03
4.953839499174486280e-03
4.987686306878008971e-03
5.021764370840819600e-03
5.056075271107284344e-03
5.090620598517310927e-03
5.125401954780122935e-03
5.160420952548543279e-03
5.195679215493727819e-03
5.231178378380471443e-03
5.266920087143012880e-03
5.302905998961321768e-03
5.339137782337949507e-03
5.375617117175400528e-03
5.412345694854011832e-03
5.449325218310360763e-03
5.486557402116237422e-03
5.524043972558156587e-03
5.561786667717363158e-03
5.599787237550436086e-03
5.638047443970444807e-03
5.676569060928605276e-03
5.715353874496546631e-03
5.754403682949136428e-03
5.793720296847846250e-03
5.833305539124687168e-03
5.873161245166741082e-03
5.913289262901281866e-03
5.953691452881412598e-03
5.994369688372355037e-03
6.035325855438319377e-03
6.076561853029916090e-03
6.118079593072221767e-03
6.159881000553436500e-03
6.201968013614125863e-03
6.244342583637070045e-03
6.287006675337753099e-03
6.329962266855480163e-03
6.373211349845050652e-03
6.416755929569126216e-03
6.460598024991224056e-03
6.504739668869285313e-03
6.549182907849948609e-03
6.593929802563460243e-03
6.638982427719169847e-03
6.684342872201782387e-03
6.730013239168150530e-03
6.775995646144849366e-03
6.822292225126301048e-03
6.868905122673654891e-03
6.915836500014324942e-03
6.963088533142163319e-03
7.010663412918365610e-03
7.058563345173076223e-03
7.106790550807611309e-03
7.155347265897489192e-03
7.204235741796048004e-03
7.253458245238892516e-03
7.303017058448936852e-03
7.352914479242246906e-03
7.403152821134597467e-03
7.453734413448698075e-03
7.504661601422214258e-03
7.555936746316527751e-03
7.607562225526165456e-03
7.659540432689089691e-03
7.711873777797615542e-03
7.764564687310216394e-03
7.817615604263973908e-03
7.871028988387870212e-03
7.924807316216862449e-03
7.978953081206656417e-03
8.033468793849344106e-03
8.088356981789824457e-03
8.143620189942947507e-03
8.199260980611570993e-03
8.255281933605295233e-03
8.311685646360152113e-03
8.368474734058968870e-03
8.425651829752649549e-03
8.483219584482289133e-03
8.541180667402026652e-03
8.599537765902841996e-03
8.658293585737174974e-03
8.717450851144314602e-03
8.777012304976794521e-03
8.836980708827475370e-03
8.897358843157678401e-03
8.958149507426025129e-03
9.019355520218270972e-03
9.080979719378014930e-03
9.143024962138221121e-03
9.205494125253723889e-03
9.268390105134640192e-03
9.331715817980595559e-03
9.395474199916009975e-03
9.459668207126155706e-03
9.524300815994302810e-03
9.589375023239648729e-03
9.654893846056293930e-03
9.720860322253159491e-03
9.787277510394789409e-03
9.854148489943176381e-03
9.921476361400586794e-03
9.989264246453237461e-03
1.005751528811611728e-02
1.012623265087863808e-02
1.019541952085141479e-02
1.026507910591396670e-02
1.033521463586345619e-02
1.040582936256442478e-02
1.047692656009959963e-02
1.054850952492167142e-02
1.062058157600614082e-02
1.069314605500521972e-02
1.076620632640273509e-02
1.083976577767016038e-02
1.091382781942366008e-02
1.098839588558223057e-02
1.106347343352689742e-02
1.113906394426104375e-02
1.121517092257179500e-02
1.129179789719252092e-02
1.136894842096645465e-02
1.144662607101139783e-02
1.152483444888560520e-02
1.160357718075476219e-02
1.168285791756010390e-02
1.176268033518770850e-02
1.184304813463890604e-02
1.192396504220190855e-02
1.200543480962456243e-02
1.208746121428830311e-02
1.217004805938330138e-02
1.225319917408477371e-02
1.233691841373056423e-02
1.242120965999987496e-02
1.250607682109323993e-02
1.259152383191374826e-02
1.267755465424945209e-02
1.276417327695710154e-02
1.285138371614706100e-02
1.293919001536952482e-02
1.302759624580200788e-02
1.311660650643807317e-02
1.320622492427743315e-02
1.329645565451726720e-02
1.338730288074488871e-02
1.347877081513172010e-02
1.357086369862857238e-02
1.366358580116231423e-02
1.375694142183382651e-02
1.385093488911733235e-02
1.394557056106110124e-02
1.404085282548948356e-02
1.413678610020639020e-02
1.423337483320010269e-02
1.433062350284951790e-02
1.442853661813178756e-02
1.452711871883135240e-02
1.462637437575048036e-02
1.472630819092116128e-02
1.482692479781848489e-02
1.492822886157549149e-02
1.503022507919943469e-02
1.513291817978960549e-02
1.523631292475657352e-02
1.534041410804295666e-02
1.544522655634570502e-02
1.555075512933985250e-02
1.565700471990389905e-02
1.576398025434662745e-02
1.587168669263552823e-02
1.598012902862677720e-02
1.608931229029673948e-02
1.619924153997515798e-02
1.630992187457981635e-02
1.642135842585288816e-02
1.653355636059887501e-02
1.664652088092411983e-02
1.676025722447807564e-02
1.687477066469610792e-02
1.699006651104400384e-02
1.710615010926417115e-02
1.722302684162344347e-02
1.734070212716270001e-02
1.745918142194806746e-02
1.757847021932393283e-02
1.769857405016759741e-02
1.781949848314576604e-02
1.794124912497271560e-02
1.806383162067026413e-02
1.818725165382949899e-02
1.831151494687427092e-02
1.843662726132657900e-02
1.856259439807365907e-02
1.868942219763695262e-02
1.881711654044292831e-02
1.894568334709567300e-02
1.907512857865147418e-02
1.920545823689517179e-02
1.933667836461842524e-02
1.946879504589991636e-02
1.960181440638739808e-02
1.973574261358176582e-02
1.987058587712298152e-02
2.000635044907799268e-02
2.014304262423063235e-02
2.028066874037342746e-02
2.041923517860150944e-02
2.055874836360846100e-02
2.069921476398418544e-02
2.084064089251484037e-02
2.098303330648477322e-02
2.112639860798061139e-02
2.127074344419732643e-02
2.141607450774644233e-02
2.156239853696636372e-02
2.170972231623474399e-02
2.185805267628311566e-02
2.200739649451357097e-02
2.215776069531762496e-02
2.230915225039728847e-02
2.246157817908827140e-02
2.261504554868550357e-02
2.276956147477076503e-02
2.292513312154262350e-02
2.308176770214859577e-02
2.323947247901957461e-02
2.339825476420658718e-02
2.355812191971980857e-02
2.371908135786989641e-02
2.388114054161168121e-02
2.404430698489014306e-02
2.420858825298887601e-02
2.437399196288080050e-02
2.454052578358133924e-02
2.470819743650401121e-02
2.487701469581839187e-02
2.504698538881062683e-02
2.521811739624631871e-02
2.539041865273591186e-02
2.556389714710261343e-02
2.573856092275273941e-02
2.591441807804872877e-02
2.609147676668458621e-02
2.626974519806393391e-02
2.644923163768062024e-02
2.662994440750201044e-02
2.681189188635479601e-02
2.699508251031349643e-02
2.717952477309160120e-02
2.736522722643535202e-02
2.755219848052031795e-02
2.774044720435054831e-02
2.792998212616054285e-02
2.812081203381994882e-02
2.831294577524094691e-02
2.850639225878860011e-02
2.870116045369380808e-02
2.889725939046919670e-02
2.909469816132784215e-02
2.929348592060476708e-02
2.949363188518147605e-02
2.969514533491324215e-02
2.989803561305939134e-02
3.010231212671650794e-02
3.030798434725455806e-02
3.051506181075610072e-02
3.072355411845839948e-02
3.093347093719858026e-02
3.114482199986185959e-02
3.135761710583276352e-02
3.157186612144955579e-02
3.178757898046165320e-02
3.200476568449019815e-02
3.222343630349183696e-02
3.244360097622551314e-02
3.266526991072268848e-02
3.288845338476056174e-02
3.311316174633862491e-02
3.333940541415844616e-02
3.356719487810671393e-02
3.379654069974166730e-02
3.402745351278273905e-02
3.425994402360359875e-02
3.449402301172858204e-02
3.472970133033242979e-02
3.496698990674357993e-02
3.520589974295076918e-02
3.544644191611314582e-02
3.568862757907390049e-02
3.593246796087729705e-02
3.617797436728940885e-02
3.642515818132226191e-02
3.667403086376160026e-02
3.692460395369832893e-02
3.717688906906344015e-02
3.743089790716676302e-02
3.768664224523930045e-02
3.794413394097925080e-02
3.820338493310183187e-02
3.846440724189276184e-02
3.872721296976569527e-02
3.899181430182325353e-02
3.925822350642205194e-02
3.952645293574150870e-02
3.979651502635651872e-02
4.006842229981416592e-02
4.034218736321423110e-02
4.061782290979373128e-02
4.089534171951548364e-02
4.117475665966056908e-02
4.145608068542502855e-02
4.173932684052048675e-02
4.202450825777895305e-02
4.231163815976166087e-02
4.260072985937223694e-02
4.289179676047390893e-02
4.318485235851097365e-02
4.347991024113456726e-02
4.377698408883254344e-02
4.407608767556394497e-02
4.437723486939751383e-02
4.468043963315474626e-02
4.498571602505727768e-02
4.529307819937863216e-02
4.560254040710060713e-02
4.591411699657394624e-02
4.622782241418364746e-02
4.654367120501875371e-02
4.686167801354669538e-02
4.718185758429239984e-02
4.750422476252183501e-02
4.782879449493036145e-02
4.815558183033575440e-02
4.848460192037583327e-02
4.881587002021114952e-02
4.914940148923219176e-02
4.948521179177153145e-02
4.982331649782090893e-02
5.016373128375298945e-02
5.050647193304837884e-02
5.085155433702735067e-02
5.119899449558664578e-02
5.154880851794134411e-02
5.190101262337170479e-02
5.225562314197529368e-02
5.261265651542406524e-02
5.297212929772669721e-02
5.333405815599613631e-02
5.369845987122230657e-02
5.406535133905030627e-02
5.443474957056366331e-02
5.480667169307311404e-02
5.518113495091073184e-02
5.555815670622935021e-02
5.593775443980774503e-02
5.631994575186102803e-02
5.670474836285671616e-02
5.709218011433636608e-02
5.748225896974270416e-02
5.787500301525266150e-02
5.827043046061586296e-02
5.866855963999893786e-02
5.906940901283561779e-02
5.947299716468252423e-02
5.987934280808102777e-02
6.028846478342479720e-02
6.070038205983334378e-02
6.111511373603154690e-02
6.153267904123510545e-02
6.195309733604222047e-02
6.237638811333121036e-02
6.280257099916432273e-02
6.323166575369756903e-02
6.366369227209714432e-02
6.409867058546171725e-02
6.453662086175122881e-02
6.497756340672201925e-02
6.542151866486817235e-02
6.586850722036961814e-02
6.631854979804645278e-02
6.677166726431979504e-02
6.722788062817941501e-02
6.768721104215758011e-02
6.814967980331006203e-02
6.861530835420345809e-02
6.908411828390939591e-02
6.955613132900552442e-02
7.003136937458329103e-02
7.050985445526276874e-02
7.099160875621421396e-02
7.147665461418671595e-02
7.196501451854385445e-02
7.245671111230633787e-02
7.295176719320205228e-02
7.345020571472293813e-02
7.395204978718925015e-02
7.445732267882117228e-02
7.496604781681745489e-02
7.547824878844189289e-02
7.599394934211678443e-02
7.651317338852407779e-02
7.703594500171405401e-02
7.756228842022135084e-02
7.809222804818903574e-02
7.862578845649999260e-02
7.916299438391614929e-02
7.970387073822554624e-02
8.024844259739710717e-02
8.079673521074351439e-02
8.134877400009185577e-02
8.190458456096227913e-02
8.246419266375480672e-02
8.302762425494408793e-02
8.359490545828252017e-02
8.416606257601148833e-02
8.474112209008080598e-02
8.532011066337666372e-02
8.590305514095765427e-02
8.648998255129974888e-02
8.708092010754929502e-02
8.767589520878479870e-02
8.827493544128738046e-02
8.887806857981958575e-02
8.948532258891347957e-02
9.009672562416706776e-02
9.071230603354975275e-02
9.133209235871678211e-02
9.195611333633238460e-02
9.258439789940241249e-02
9.321697517861572690e-02
9.385387450369482576e-02
9.449512540475581146e-02
9.514075761367733752e-02
9.579080106547951945e-02
9.644528589971156085e-02
9.710424246184938546e-02
9.776770130470251174e-02
9.843569318983058647e-02
9.910824908896984087e-02
9.978540018546901147e-02
1.004671778757351558e-01
1.011536137706894184e-01
1.018447396972324281e-01
1.025405876997206034e-01
1.032411900414510891e-01
1.039465792061580879e-01
1.046567878995192935e-01
1.053718490506714706e-01
1.060917958137381767e-01
1.068166615693661864e-01
1.075464799262734888e-01
1.082812847228079578e-01
1.090211100285154583e-01
1.097659901457204434e-01
1.105159596111155162e-01
1.112710531973632178e-01
1.120313059147084456e-01
1.127967530126011003e-01
1.135674299813311944e-01
1.143433725536737028e-01
1.151246167065455850e-01
1.159111986626742558e-01
1.167031548922762701e-01
1.175005221147491646e-01
1.183033373003731931e-01
1.191116376720258024e-01
1.199254607069078354e-01
1.207448441382805021e-01
1.215698259572152162e-01
1.224004444143554221e-01
1.232367380216893155e-01
1.240787455543363865e-01
1.249265060523443993e-01
1.257800588224998739e-01
1.266394434401509617e-01
1.275046997510414226e-01
1.283758678731592440e-01
1.292529881985956530e-01
1.301361013954183965e-01
1.310252484095578152e-01
1.319204704667041872e-01
1.328218090742203927e-01
1.337293060230654862e-01
1.346430033897326461e-01
1.355629435382005865e-01
1.364891691218968195e-01
1.374217230856762673e-01
1.383606486678116421e-01
1.393059894019984812e-01
1.402577891193740878e-01
1.412160919505487666e-01
1.421809423276531870e-01
1.431523849863972908e-01
1.441304649681451611e-01
1.451152276220036563e-01
1.461067186069240631e-01
1.471049838938202903e-01
1.481100697676992484e-01
1.491220228298073824e-01
1.501408899997917767e-01
1.511667185178744988e-01
1.521995559470442627e-01
1.532394501752604998e-01
1.542864494176741930e-01
1.553406022188639490e-01
1.564019574550856162e-01
1.574705643365396646e-01
1.585464724096518896e-01
1.596297315593709631e-01
1.607203920114819440e-01
1.618185043349339158e-01
1.629241194441858054e-01
1.640372886015660503e-01
1.651580634196498365e-01
1.662864958636526558e-01
1.674226382538384073e-01
1.685665432679468445e-01
1.697182639436345397e-01
1.708778536809347215e-01
1.720453662447335996e-01
1.732208557672619553e-01
1.744043767506064935e-01
1.755959840692356555e-01
1.767957329725442228e-01
1.780036790874157671e-01
1.792198784208003937e-01
1.804443873623129968e-01
1.816772626868466134e-01
1.829185615572052059e-01
1.841683415267547641e-01
1.854266605420903380e-01
1.866935769457243877e-01
1.879691494787904538e-01
1.892534372837672840e-01
1.905464999072216392e-01
1.918483973025677525e-01
1.931591898328487988e-01
1.944789382735340466e-01
1.958077038153376304e-01
1.971455480670560034e-01
1.984925330584232372e-01
1.998487212429885806e-01
2.012141755010107558e-01
2.025889591423740699e-01
2.039731359095243446e-01
2.053667699804229974e-01
2.067699259715242988e-01
2.081826689407698661e-01
2.096050643906058053e-01
2.110371782710202815e-01
2.124790769825999348e-01
2.139308273796102777e-01
2.153924967730938000e-01
2.168641529339916663e-01
2.183458640962865627e-01
2.198376989601647236e-01
2.213397266952032982e-01
2.228520169435755094e-01
2.243746398232806805e-01
2.259076659313956625e-01
2.274511663473466616e-01
2.290052126362067397e-01
2.305698768520121900e-01
2.321452315411041967e-01
2.337313497454931166e-01
2.353283050062434101e-01
2.369361713668853842e-01
2.385550233768465866e-01
2.401849360949089573e-01
2.418259850926897658e-01
2.434782464581437544e-01
2.451417967990930091e-01
2.468167132467771752e-01
2.485030734594304014e-01
2.502009556258827927e-01
2.519104384691837617e-01
2.536316012502543571e-01
2.553645237715601590e-01
2.571092863808123741e-01
2.588659699746937437e-01
2.606346560026076564e-01
2.624154264704566808e-01
2.642083639444429699e-01
2.660135515548971985e-01
2.678310730001337570e-01
2.696610125503297040e-01
2.715034550514339728e-01
2.733584859290995039e-01
2.752261911926447979e-01
2.771066574390427251e-01
2.789999718569334819e-01
2.809062222306695222e-01
2.828254969443838029e-01
2.847578849860882833e-01
2.867034759518012899e-01
2.886623600496990294e-01
2.906346281043009627e-01
2.926203715606786604e-01
2.946196824886965215e-01
2.966326535872816361e-01
2.986593781887200705e-01
3.006999502629849608e-01
3.027544644220944714e-01
3.048230159244965098e-01
3.069057006794877474e-01
3.090026152516583968e-01
3.111138568653702974e-01
3.132395234092658076e-01
3.153797134408042879e-01
3.175345261908342209e-01
3.197040615681917552e-01
3.218884201643342768e-01
3.240877032580050110e-01
3.263020128199268788e-01
3.285314515175328243e-01
3.307761227197237863e-01
3.330361305016624751e-01
3.353115796495998446e-01
3.376025756657311527e-01
3.399092247730903793e-01
3.422316339204730107e-01
3.445699107873955724e-01
3.469241637890893570e-01
3.492945020815248491e-01
3.516810355664755083e-01
3.540838748966108063e-01
3.565031314806278995e-01
3.589389174884182743e-01
3.613913458562658110e-01
3.638605302920862594e-01
3.663465852806966350e-01
3.688496260891245826e-01
3.713697687719537677e-01
3.739071301767022959e-01
3.764618279492433217e-01
3.790339805392571870e-01
3.816237072057244162e-01
3.842311280224565695e-01
3.868563638836605700e-01
3.894995365095472173e-01
3.921607684519722303e-01
3.948401831001192575e-01
3.975379046862224097e-01
4.002540582913232670e-01
4.029887698510737359e-01
4.057421661615721042e-01
4.085143748852435031e-01
4.113055245567598384e-01
4.141157445889968036e-01
4.169451652790374663e-01
4.197939178142103822e-01
4.226621342781736179e-01
4.255499476570401840e-01
4.284574918455408277e-01
4.313849016532356750e-01
4.343323128107617337e-01
4.372998619761271910e-01
4.402876867410492889e-01
4.432959256373305013e-01
4.463247181432851152e-01
4.493742046902033382e-01
4.524445266688635336e-01
4.555358264360893639e-01
4.586482473213470690e-01
4.617819336333945368e-01
4.649370306669691755e-01
4.681136847095258013e-01
4.713120430480207679e-01
4.745322539757378943e-01
4.777744667991675187e-01
4.810388318449263512e-01
4.843255004667282870e-01
4.876346250524039583e-01
4.909663590309625847e-01
4.943208568797097802e-01
4.976982741314063818e-01
5.010987673814815135e-01
5.045224942952943881e-01
5.079696136154413511e-01
5.114402851691199903e-01
5.149346698755358220e-01
5.184529297533650993e-01
5.219952279282684682e-01
5.255617286404505872e-01
5.291525972522795884e-01
5.327680002559501693e-01
5.364081052812049721e-01
5.400730811031081435e-01
5.437630976498672997e-01
5.474783260107163319e-01
5.512189384438439532e-01
5.549851083843829747e-01
5.587770104524526493e-01
5.625948204612513104e-01
5.664387154252126244e-01
5.703088735682090293e-01
5.742054743318166787e-01
5.781286983836370075e-01
5.820787276256697007e-01
5.860557452027510550e-01
5.900599355110417443e-01
5.940914842065778689e-01
5.981505782138809568e-01
6.022374057346204790e-01
6.063521562563449763e-01
6.104950205612633685e-01
6.146661907350923215e-01
6.188658601759642330e-01
6.230942236033901738e-01
6.273514770672931062e-01
6.316378179570929507e-01
6.359534450108612624e-01
6.402985583245368595e-01
6.446733593611997382e-01
6.490780509604164861e-01
6.535128373476410957e-01
6.579779241436851667e-01
6.624735183742542777e-01
6.669998284795418675e-01
6.715570643238988335e-01
6.761454372055597517e-01
6.807651598664414827e-01
6.854164465020090580e-01
6.900995127712031829e-01
6.948145758064407929e-01
6.995618542236854420e-01
7.043415681325779776e-01
7.091539391466475939e-01
7.139991903935828388e-01
7.188775465255782260e-01
7.237892337297530121e-01
7.287344797386335893e-01
7.337135138407174795e-01
7.387265668911000560e-01
7.437738713221800912e-01
7.488556611544388009e-01
7.539721720072849465e-01
7.591236411099860915e-01
7.643103073126616964e-01
7.695324110973601472e-01
7.747901945892113895e-01
7.800839015676473975e-01
7.854137774777114611e-01
7.907800694414327536e-01
7.961830262692869420e-01
8.016228984717342909e-01
8.070999382708295977e-01
8.126143996119226109e-01
8.181665381754270605e-01
8.237566113886772845e-01
8.293848784378669015e-01
8.350516002800602022e-01
8.407570396552979108e-01
8.465014610987737775e-01
8.522851309531020991e-01
8.581083173806697273e-01
8.639712903760629059e-01
8.698743217785933624e-01
8.758176852848956750e-01
8.818016564616197872e-01
8.878265127582110061e-01
8.938925335197676070e-01
9.000000000000000222e-01
