3.746227817825300917e+03
3.770088709600923721e+03
3.794092669801280863e+03
3.818240426991080312e+03
3.842532712034605083e+03
3.866970258087625552e+03
3.891553800589136245e+03
3.916284076702428138e+03
3.941161811669394410e+03
3.966187717500728468e+03
3.991362506959228085e+03
4.016686894252811726e+03
4.042161595013265469e+03
4.067787326274607040e+03
4.093564806451040113e+03
4.119494755314715803e+03
4.145577893972985294e+03
4.171814944845404170e+03
4.198206631640409796e+03
4.224753679331513013e+03
4.251456814133288390e+03
4.278316763476875167e+03
4.305334255985257187e+03
4.332510021448047155e+03
4.359844790795945300e+03
4.387339296074927915e+03
4.414994270419912937e+03
4.442810448028147221e+03
4.470788564132215470e+03
4.498929354972673536e+03
4.527233557770216066e+03
4.555701910697617677e+03
4.584335152851183011e+03
4.613134024221793879e+03
4.642099265665684470e+03
4.671231618874690867e+03
4.700531826346233174e+03
4.730000631352743767e+03
4.759638777910946374e+03
4.789447010750447589e+03
4.819426075282152851e+03
4.849576716622441381e+03
4.879899669253257343e+03
4.910395660556071562e+03
4.941065417841600720e+03
4.971909668433970182e+03
5.002929139629388374e+03
5.034124558654479188e+03
5.065496652624178751e+03
5.097046148498964612e+03
5.128773773041857567e+03
5.160680252774669498e+03
5.192766313934013851e+03
5.225032682426653992e+03
5.257480083784457747e+03
5.290109243118818995e+03
5.322920885074586295e+03
5.355915733783520409e+03
5.389094512817270697e+03
5.422457945139745789e+03
5.456006753059137736e+03
5.489741658179384103e+03
5.523663381351021599e+03
5.557772642621713203e+03
5.592070161186163205e+03
5.626556655335481992e+03
5.661232842406237978e+03
5.696099438728705536e+03
5.731157159574875550e+03
5.766406719105761113e+03
5.801848830318324872e+03
5.837484204991757906e+03
5.873313553633368429e+03
5.909337585423892961e+03
5.945557008162192687e+03
5.981972522277956159e+03
6.018584788460267191e+03
6.055394449695583717e+03
6.092402145864043632e+03
6.129608513697283342e+03
6.167014186700471328e+03
6.204619795073643218e+03
6.242425965632161024e+03
6.280433321726863142e+03
6.318642483163245743e+03
6.357054066120193966e+03
6.395668683068000973e+03
6.434486942685611211e+03
6.473509449777418013e+03
6.512736805189289953e+03
6.552169605723819586e+03
6.591808444055311156e+03
6.631653908643572322e+03
6.671706583647586740e+03
6.711967048838131632e+03
6.752435879509945153e+03
6.793113646393344425e+03
6.834000915564825846e+03
6.875098248357505327e+03
6.916406201270484416e+03
6.957925325877893556e+03
6.999656168737131338e+03
7.041599271296510778e+03
7.083755169802195269e+03
7.126124395204725261e+03
7.168707473064640908e+03
7.211504923457678160e+03
7.254517260879219066e+03
7.297744994147934449e+03
7.341188614676680118e+03
7.384848565009181584e+03
7.428725270620341689e+03
7.472819149373677647e+03
7.517130611403196781e+03
7.561660058994506471e+03
7.606407886465496631e+03
7.651374480046006283e+03
7.696560217757119972e+03
7.741965469289665634e+03
7.787590595882164962e+03
7.833435950197958846e+03
7.879501876202029052e+03
7.925788709036782166e+03
7.972296774897596151e+03
8.019026390907452878e+03
8.065977864991246861e+03
8.113151495749254536e+03
8.160547572330126968e+03
8.208166374303364137e+03
8.256008171531120752e+03
8.304073224039433626e+03
8.352361781889025224e+03
8.400874085045465108e+03
8.449610363248801150e+03
8.498570835882768733e+03
8.547755711843225072e+03
8.597165189406532591e+03
8.646799456096894573e+03
8.696658688553681714e+03
8.746743052398092914e+03
8.797052702099181261e+03
8.847587780839894549e+03
8.898348420248848925e+03
8.949334716665240194e+03
9.000546703084435649e+03
9.051984392321472114e+03
9.103647783336649809e+03
9.155536861078453512e+03
9.207651596325911669e+03
9.259991945530675366e+03
9.312557850658793541e+03
9.365349239032082551e+03
9.418366023169453911e+03
9.471608100627445310e+03
9.525075353841160904e+03
9.578767649964482189e+03
9.632684840710087883e+03
9.686826762189715737e+03
9.741193234753587603e+03
9.795784062830289258e+03
9.850599034765989927e+03
9.905637922663996505e+03
9.960900482223923973e+03
1.001638645258081124e+04
1.007209555614431702e+04
1.012802749843784477e+04
1.018418196793750030e+04
1.024055863591126035e+04
1.029715715625822486e+04
1.035397716534754363e+04
1.041101828185791237e+04
1.046828010661699045e+04
1.052576222244068049e+04
1.058346419397310092e+04
1.064138556752626209e+04
1.069952587092019348e+04
1.075788461203496081e+04
1.081646122923076473e+04
1.087525507438545719e+04
1.093426547318696066e+04
1.099349172933357477e+04
1.105293312435166808e+04
1.111258891741383377e+04
1.117245834515759088e+04
1.123254062150481877e+04
1.129283493748180626e+04
1.135334046103993387e+04
1.141405633687725094e+04
1.147498168626065853e+04
1.153611560684909091e+04
1.159745717251732822e+04
1.165900543318097698e+04
1.172075941462213450e+04
1.178271811831624291e+04
1.184488052125979630e+04
1.190724557579919565e+04
1.196981220946066787e+04
1.203257932478143266e+04
1.209554579914181886e+04
1.215871048459892154e+04
1.222207220772129767e+04
1.228562976942500063e+04
1.234938194481114806e+04
1.241332748300471940e+04
1.247746510699481041e+04
1.254179351347650299e+04
1.260631137269417195e+04
1.267101732828641980e+04
1.273590999713264682e+04
1.280098796920120731e+04
1.286624980017091912e+04
1.293169390205178388e+04
1.299731856292238626e+04
1.306312203624905669e+04
1.312910254334012461e+04
1.319525827317583753e+04
1.326158738224086483e+04
1.332808799435931905e+04
1.339475820053297866e+04
1.346159605878161710e+04
1.352859959398698629e+04
1.359576679773914657e+04
1.366309562818609811e+04
1.373058400988649009e+04
1.379822983366538028e+04
1.386603095647333066e+04
1.393398520124870447e+04
1.400209035678348118e+04
1.407034417759231837e+04
1.413874438378520790e+04
1.420728866094376099e+04
1.427597466000128225e+04
1.434479999712599238e+04
1.441376225360874923e+04
1.448285897575447962e+04
1.455208767477690526e+04
1.462144582669845840e+04
1.469093087225294948e+04
1.476054021679370453e+04
1.483027123020480576e+04
1.490012124681735986e+04
1.497008756533002452e+04
1.504016744873361858e+04
1.511035812424071992e+04
1.518065676716200869e+04
1.525106038404624451e+04
1.532156587736622714e+04
1.539217010916266372e+04
1.546286990142925424e+04
1.553366203605879673e+04
1.560454325479456202e+04
1.567551025918857886e+04
1.574655971056531598e+04
1.581768822999167969e+04
1.588889239825383447e+04
1.596016875583979163e+04
1.603151380292866270e+04
1.610292399938689232e+04
1.617439576477064657e+04
1.624592547833494245e+04
1.631750947905011526e+04
1.638914406562497970e+04
1.646082549653670139e+04
1.653254999006820799e+04
1.660431372435260710e+04
1.667611283742499654e+04
1.674794342728153788e+04
1.681980155194602048e+04
1.689168322954394534e+04
1.696358443838453240e+04
1.703550111704980009e+04
1.710742916449227050e+04
1.717936444013983055e+04
1.725130276400901857e+04
1.732323991682611086e+04
1.739517164015654998e+04
1.746709363654223125e+04
1.753900156964762573e+04
1.761089097846917139e+04
1.768275696283539583e+04
1.775459446047183519e+04
1.782639836112920239e+04
1.789816350679728930e+04
1.796988469191975310e+04
1.803190449669873851e+04
1.810249729332025527e+04
1.817304455524367586e+04
1.824354077474111182e+04
1.831398039257366690e+04
1.838435779824122801e+04
1.845466733024714631e+04
1.852490327637691371e+04
1.859505987399166770e+04
1.866513131033588797e+04
1.873511172286074725e+04
1.880499519956162476e+04
1.887477577933113571e+04
1.894444745232748392e+04
1.901400416035777744e+04
1.908343979727720580e+04
1.915274820940365316e+04
1.922192319594811124e+04
1.929095850946082282e+04
1.935984785629350881e+04
1.942858489707752597e+04
1.949716324721856290e+04
1.956557647740692482e+04
1.963381811414507683e+04
1.970188164029071049e+04
1.976976049561723994e+04
1.983744807739034150e+04
1.990493774054738606e+04
1.997222255729631070e+04
2.003929490730052203e+04
2.010614701053445242e+04
2.017277103439673738e+04
2.023915909450905747e+04
2.030530325553993680e+04
2.037119553205277407e+04
2.043682788937920122e+04
2.050219224451678383e+04
2.056728046705256929e+04
2.063208438011078397e+04
2.069659576132678922e+04
2.076080634384536097e+04
2.082470781734516277e+04
2.088829182908823714e+04
2.095154998499528301e+04
2.101447385074591512e+04
2.107705495290560066e+04
2.113928478007690137e+04
2.120115478407738192e+04
2.126265638114304602e+04
2.132378095315670362e+04
2.138451984890304448e+04
2.144486438534862100e+04
2.150480584894746062e+04
2.156433549697308263e+04
2.162344455887477307e+04
2.168212423766037318e+04
2.174036571130382072e+04
2.179816013417869908e+04
2.185549863851612099e+04
2.191237233588856907e+04
2.196877231871797630e+04
2.202468965516275421e+04
2.208011495635846586e+04
2.213503810462725596e+04
2.218944889387731746e+04
2.224333709510100380e+04
2.229669245832981323e+04
2.234950471462447240e+04
2.240176357809873298e+04
2.245345874797814758e+04
2.250457991069180571e+04
2.255511674199836852e+04
2.260505890914528209e+04
2.265439607306080143e+04
2.270311789057936039e+04
2.275121401669909392e+04
2.279867410687107258e+04
2.284548781932100974e+04
2.289164481740185147e+04
2.293713477197740576e+04
2.298194736383643976e+04
2.302607228613693951e+04
2.306949924687998282e+04
2.311221797141235220e+04
2.315421820495826614e+04
2.319548971517876998e+04
2.323602229475857530e+04
2.327580576402013685e+04
2.331482997356387568e+04
2.335308480693378806e+04
2.339056018330833103e+04
2.342724606021597720e+04
2.346313243627387783e+04
2.349820935394982007e+04
2.353246690234640118e+04
2.356589516830907087e+04
2.359848312353443180e+04
2.363021863254018899e+04
2.366108955636878090e+04
2.369108380541566294e+04
2.372018934325351802e+04
2.374839419049493154e+04
2.377568642869164978e+04
2.380205420427078570e+04
2.382748573250510526e+04
2.385196930151742345e+04
2.387549327631666529e+04
2.389804610286517709e+04
2.391961631217532704e+04
2.394019252443421283e+04
2.395976345315476283e+04
2.397831790935203026e+04
2.399584480574253757e+04
2.401233316096619455e+04
2.402777210382770863e+04
2.404215087755670538e+04
2.405545884408476923e+04
2.406768548833762179e+04
2.407882042254011321e+04
2.408885339053297866e+04
2.409777427209899906e+04
2.410557308729666329e+04
2.411224000079961843e+04
2.411776532623992534e+04
2.412213953055246020e+04
2.412535323831962160e+04
2.412739723611292357e+04
2.412826247683034308e+04
2.412794008402693726e+04
2.412642131428583889e+04
2.412369715257882126e+04
2.411975849345603638e+04
2.411459641627052770e+04
2.410820219388433907e+04
2.410056791459265150e+04
2.409168788196127571e+04
2.408155701192443303e+04
2.407017042544682772e+04
2.405752345147378946e+04
2.404361162983833492e+04
2.402843071412354766e+04
2.401197667447868298e+04
2.399424570038691309e+04
2.397523420338326105e+04
2.395493881972114104e+04
2.393335641298558767e+04
2.391048407665078776e+04
2.388631913658208214e+04
2.386085915347845730e+04
2.383410192525519233e+04
2.380604548936531864e+04
2.377668812505655296e+04
2.374602835556406717e+04
2.371406495023619573e+04
2.368079692659111242e+04
2.364622355230492758e+04
2.361034434712668372e+04
2.357315908472153387e+04
2.353466779443826454e+04
2.349487076300127956e+04
2.345376853612463674e+04
2.341136192004671830e+04
2.336765198298489850e+04
2.332264039596635848e+04
2.327633108427870684e+04
2.322872894428606742e+04
2.317983911378319317e+04
2.312966697028350609e+04
2.307821813028418910e+04
2.302549844845386906e+04
2.297151401674313456e+04
2.291627116341730652e+04
2.285977584406752067e+04
2.280203047548198447e+04
2.274303630347057333e+04
2.268279486581444871e+04
2.262130799711054715e+04
2.255857783046764598e+04
2.249460679909772443e+04
2.242939763780023350e+04
2.236295338433748475e+04
2.229527738069893894e+04
2.222637327425252442e+04
2.215624501878127921e+04
2.208489687540298110e+04
2.201233341337155071e+04
2.193855951075815392e+04
2.186358035501028280e+04
2.178740144338711980e+04
2.171002858327014110e+04
2.163146789234643802e+04
2.155172579866460364e+04
2.147080904056021973e+04
2.138872466645136956e+04
2.130548003450144461e+04
2.122108281214856834e+04
2.113554097601268222e+04
2.104886596090693274e+04
2.096108001911207975e+04
2.087220768695775405e+04
2.078227352703854922e+04
2.069130211894225431e+04
2.059931805010234530e+04
2.050634629943877007e+04
2.041241570284997215e+04
2.031755720214587927e+04
2.022180161458578368e+04
2.012517959544068799e+04
2.002772162708901669e+04
1.992945800843109828e+04
1.983041884461976224e+04
1.973063403711072897e+04
1.963013327403078802e+04
1.952894602086465966e+04
1.942710151146008138e+04
1.932462873935032258e+04
1.922155644939310514e+04
1.911791312972555170e+04
1.901372700403259296e+04
1.890902602412818669e+04
1.880383786284723465e+04
1.869818990724592368e+04
1.859210925210831556e+04
1.848562269375687538e+04
1.837875672416418456e+04
1.827153752536262255e+04
1.816399096414962332e+04
1.805614245052996921e+04
1.794801295270169066e+04
1.783961847578896777e+04
1.773097478660607521e+04
1.762210697556903688e+04
1.751305502266352050e+04
1.740385956093979621e+04
1.729456044921622015e+04
1.718519676833587437e+04
1.707580681827583248e+04
1.696642811608529519e+04
1.685709739462851576e+04
1.674785060210820302e+04
1.663872290234497996e+04
1.652974867578874546e+04
1.642096152123731008e+04
1.631239425823745842e+04
1.620407893014542788e+04
1.609604680782089235e+04
1.598832839393184076e+04
1.588095342784550485e+04
1.577395092357305293e+04
1.566735642895089586e+04
1.556122091792220090e+04
1.545559621993327892e+04
1.535053274009887718e+04
1.524607947714602233e+04
1.514228404295435212e+04
1.503919268361129070e+04
1.493685030190250836e+04
1.483530048116131184e+04
1.473458551040023121e+04
1.463474641065339893e+04
1.453582296245809812e+04
1.443785373440794501e+04
1.434087612884110422e+04
1.424492689570474249e+04
1.415004223290284062e+04
1.405625725422149662e+04
1.396360598937379109e+04
1.387211955273358217e+04
1.378179111961247872e+04
1.369258003445084069e+04
1.360444528414481829e+04
1.351734676287319780e+04
1.343124524805406509e+04
1.334610237739087643e+04
1.326188062697017267e+04
1.317854329037496791e+04
1.309605445877974125e+04
1.301437900199248725e+04
1.293348255041289849e+04
1.285333147787474627e+04
1.277389288534291336e+04
1.269513458543576598e+04
1.261702508774496346e+04
1.253953358492576808e+04
1.246264689412990083e+04
1.238644748515220817e+04
1.231103412780993131e+04
1.223649829932534885e+04
1.216292917609994220e+04
1.209041370653804006e+04
1.201903668999921683e+04
1.194888086174658201e+04
1.188002698362625233e+04
1.181255394023049666e+04
1.174653884031836060e+04
1.168205712328778645e+04
1.161918267051537805e+04
1.155798792140309524e+04
1.149854398024903821e+04
1.144086662915296438e+04
1.138478187889135916e+04
1.133007092621605079e+04
1.127651898639806495e+04
1.122391541665219665e+04
1.117205352648221196e+04
1.112073042662527769e+04
1.106974691534833801e+04
1.101890740091466796e+04
1.096801985908745155e+04
1.091689582456622884e+04
1.086534912445259943e+04
1.081318575783574670e+04
1.076024484562606085e+04
1.070660953973241158e+04
1.065246236883197707e+04
1.059798284022311600e+04
1.054334701607072020e+04
1.048872747304163386e+04
1.043429329059113661e+04
1.038020929002736193e+04
1.032662853313636879e+04
1.027369583775681895e+04
1.022155295475164348e+04
1.017033874383490729e+04
1.012018198370813843e+04
1.007102634189607306e+04
1.002262600932655732e+04
9.974730143488381145e+03
9.927085277119464081e+03
9.879438654810119260e+03
9.831542321657845605e+03
9.783153199235441207e+03
9.734033177819504999e+03
9.683949267389423767e+03
9.632674088924815806e+03
9.579993023451130284e+03
9.525732110557522901e+03
9.469882917274218926e+03
9.412496520451784818e+03
9.353624335310871174e+03
9.293317970269938087e+03
9.231628719332507899e+03
9.168604092544966988e+03
9.104289761577692843e+03
9.038731529632923412e+03
8.971975302203431056e+03
8.904067450330381689e+03
8.835072776249659000e+03
8.765094855807583372e+03
8.694255969582267426e+03
8.622676895167660405e+03
8.550475521261765607e+03
8.477766759509491749e+03
8.404662584085890558e+03
8.331278003026469378e+03
8.257733788860075947e+03
8.184129126046918827e+03
8.110321892628956448e+03
8.036011194657608939e+03
7.960905328434153489e+03
7.884740803805181713e+03
7.807281158231764493e+03
7.728302070987555453e+03
7.647591170555985627e+03
7.564948525199320102e+03
7.480208436483650985e+03
7.393723259654526373e+03
7.306369128950694176e+03
7.219011283537314739e+03
7.132475525771555112e+03
7.047548949963443192e+03
6.964993364411507173e+03
6.885551477424935001e+03
6.809933459427807975e+03
6.738662028731654573e+03
6.671116359169714087e+03
6.606218492047854852e+03
6.542947964516551110e+03
6.480327243381864719e+03
6.417415644804111253e+03
6.353309064139491056e+03
6.287141751055471104e+03
6.218154349288852245e+03
6.146503673743519357e+03
6.073006313852812127e+03
5.998463077433325452e+03
5.923639912235268639e+03
5.849267718700685691e+03
5.776042346196965809e+03
5.704624893613628956e+03
5.635579801427325947e+03
5.569009241557514542e+03
5.504820991766699080e+03
5.442916084693878474e+03
5.383199139815631497e+03
5.325578818470413353e+03
5.269967319280634911e+03
5.216265240012498907e+03
5.164399051840021457e+03
5.114351698335722176e+03
5.066110057809379214e+03
5.019661492869483482e+03
4.974981161411116773e+03
4.932024240008636298e+03
4.890747168081753443e+03
4.851147990770458819e+03
4.813270534185498946e+03
4.777138997016087160e+03
4.742744007829290240e+03
4.710074350996722387e+03
4.679120030244408554e+03
4.649856114795999019e+03
4.622124965917510963e+03
4.595696636930384557e+03
4.570345020736947845e+03
4.545849427447818016e+03
4.521993758162796439e+03
4.498552731730288542e+03
4.475167426769115082e+03
4.451311807382156076e+03
4.426458455731032700e+03
4.400091857960047491e+03
4.371699069213042094e+03
4.340777045544246903e+03
4.307223171049096891e+03
4.271657449190121952e+03
4.234764665231642539e+03
4.197227741665698886e+03
4.159719040792088890e+03
4.122881819124555477e+03
4.087079229637594381e+03
4.052314495861593969e+03
4.018581312571066974e+03
3.985880721486774746e+03
3.954213828718340665e+03
3.923523869561091487e+03
3.893116333804167425e+03
3.861954886651656579e+03
3.829043448922046082e+03
3.793422599224258192e+03
3.754178721990646409e+03
3.711168831352872985e+03
3.665866684247075227e+03
3.619901022248197478e+03
3.574824172603231546e+03
3.532112609412495658e+03
3.492777759532769778e+03
3.456077635509189349e+03
3.420847460569931627e+03
3.385970483680210236e+03
3.350375541547715329e+03
3.313410567620571328e+03
3.276207617514112371e+03
3.240378643552430276e+03
3.207466231455106936e+03
3.178954090835316492e+03
3.155431279031866325e+03
3.134624458022037743e+03
3.113733538918840623e+03
3.090034442669412329e+03
3.060913761113444252e+03
3.025785337438785064e+03
2.987373765359674508e+03
2.948608316135238510e+03
2.912274649651788422e+03
2.880765874959765370e+03
2.853664555020746320e+03
2.828952385283474541e+03
2.804665117948436091e+03
2.778913339759988048e+03
2.750937541540849452e+03
2.722179655843483943e+03
2.694288945858776515e+03
2.668848308628090308e+03
2.646925957611830199e+03
2.627022617552220254e+03
2.606791954607558637e+03
2.583955794146510470e+03
2.556652168214486210e+03
2.526528291750954850e+03
2.497156153475741121e+03
2.471941722894733175e+03
2.453870834163005838e+03
2.441717733812931328e+03
2.431222757687527519e+03
2.418147709898503763e+03
2.398763152741266822e+03
2.374281246539086169e+03
2.349025493339773220e+03
2.327211618039572841e+03
2.312181049966393857e+03
2.301403265471494251e+03
2.289781550771404000e+03
2.272316460088087297e+03
2.246192606449705636e+03
2.216266729282537653e+03
2.188938756008915789e+03
2.170204176648788689e+03
2.160702133261195286e+03
2.153659616234416262e+03
2.141910593981663169e+03
2.119561605443037479e+03
2.089613925479256523e+03
2.059065814509780466e+03
2.034539330107198111e+03
2.018484866885067049e+03
2.006229582452226168e+03
1.992501137014723099e+03
1.973043544935684167e+03
1.949426955109935079e+03
1.925431312266215173e+03
1.904567791828103054e+03
1.887670195365342806e+03
1.872919618302989875e+03
1.858401052855083663e+03
1.843053942247894838e+03
1.827598360576324922e+03
1.812952493190673749e+03
1.799547418484474747e+03
1.786146370780568532e+03
1.771163692836757036e+03
1.753505978128008337e+03
1.734276802900719076e+03
1.715190182594944645e+03
1.697680292392412184e+03
1.682102228782406883e+03
1.668425693906677225e+03
1.656497869728923206e+03
1.645409095566743645e+03
1.634011279514239277e+03
1.621461091818906425e+03
1.608300025053969193e+03
1.595482374556331706e+03
1.583304031036646393e+03
1.569717577960557946e+03
1.552225238329382137e+03
1.530807003373368616e+03
1.510654011099436275e+03
1.497300917538136218e+03
1.491384972662000791e+03
1.487717052202712921e+03
1.481196143152367313e+03
1.470322676278786275e+03
1.455679153023176468e+03
1.438491077261267492e+03
1.421957305342456493e+03
1.409485765260477137e+03
1.401325407160681834e+03
1.393926632871997754e+03
1.384068043125504346e+03
1.371732294329043953e+03
1.358100241782722378e+03
1.344131308915971204e+03
1.330399407149030367e+03
1.317338704896349554e+03
1.304930535317703288e+03
1.292994446477481006e+03
1.282076425447486827e+03
1.273676839619425664e+03
1.268161990466519001e+03
1.260702102505903440e+03
1.245768183588505735e+03
1.227096704410485245e+03
1.214993370761613278e+03
1.213034984669264077e+03
1.212500424894490152e+03
1.205376480115589857e+03
1.192604645544129198e+03
1.177673704253464166e+03
1.164393484574585955e+03
1.156479080803963370e+03
1.152729511255158968e+03
1.146938473089069475e+03
1.136383365160118501e+03
1.124541578479844929e+03
1.114188149218699209e+03
1.104786263170985421e+03
1.095505215728601570e+03
1.086478448296850729e+03
1.077956430148134359e+03
1.069562643805745665e+03
1.060884762650141965e+03
1.052500709719621682e+03
1.045143697755044741e+03
1.038252864187775231e+03
1.030888431761577294e+03
1.023459630530079949e+03
1.016848656294502462e+03
1.010871802096348006e+03
1.004724267541221707e+03
9.966340341096179145e+02
9.854270354518724844e+02
9.751022155970561016e+02
9.696363148537072902e+02
9.662993802223687680e+02
9.613462974894476929e+02
9.528578182921529560e+02
9.419078913757547298e+02
9.343146049670807542e+02
9.308655622819878772e+02
9.261045078356587510e+02
9.186079019541962225e+02
9.100816631331941835e+02
9.015503564846917470e+02
8.931524482793190600e+02
8.831163914299180533e+02
8.727297857923504125e+02
8.685239971233353344e+02
8.685438091808808849e+02
8.647729191648271581e+02
8.576973569063318337e+02
8.504343210146402043e+02
8.443028130087096770e+02
8.385782421860375280e+02
8.314195408056999668e+02
8.246239545256902375e+02
8.201796375721991126e+02
8.174015172629495964e+02
8.131467285264665179e+02
8.046454807068719219e+02
7.965812781312380366e+02
7.907117743260644147e+02
7.839439257205822287e+02
7.774127855316644400e+02
7.733114208329640178e+02
7.722057516592332149e+02
7.694515900484263966e+02
7.621294128854530072e+02
7.543839560714824302e+02
7.495913075044569496e+02
7.472710055980576271e+02
7.425060579112047208e+02
7.362555056913721501e+02
7.304236813876609631e+02
7.249548917458230335e+02
7.214371398101758359e+02
7.183621431322501394e+02
7.125945324278607131e+02
7.066898595171095394e+02
7.009450687282648005e+02
6.953316881539292353e+02
6.914014883892700709e+02
6.854757397034492215e+02
6.797945494303235137e+02
6.779250485447058736e+02
6.744806159546665185e+02
6.684136512514450033e+02
6.627414012036763324e+02
6.590221967138688797e+02
6.539313611770594434e+02
6.488710282023129139e+02
6.456722629863402290e+02
6.438845519546326841e+02
6.406065466322099837e+02
6.334556733026562370e+02
6.282153469756416371e+02
6.242433229611850720e+02
6.193714558082367603e+02
6.159796417789415273e+02
6.122225877985248417e+02
6.107064011647125881e+02
6.074473558904771835e+02
6.002091732008752842e+02
5.947685224307571161e+02
5.939274533159691600e+02
5.895405473772422056e+02
5.863924448796542492e+02
5.831984431951059378e+02
5.782659534726867605e+02
5.746532760911563855e+02
5.710603869937249328e+02
5.659812843113246572e+02
5.632163381564788551e+02
5.583638013232758794e+02
5.540959843293818494e+02
5.524547442134788753e+02
5.503802122001861790e+02
5.451434985669114894e+02
5.405860115354308846e+02
5.383552790552269016e+02
5.369892248374907240e+02
5.330098465361783155e+02
5.288615993772679076e+02
5.244045228354150368e+02
5.216996233879480087e+02
5.195546522858851404e+02
5.151223347209446501e+02
5.122537806089319474e+02
5.095392944299159694e+02
5.054103964003565466e+02
5.017667764481615791e+02
4.987713508992221136e+02
4.954986312358668101e+02
4.920816302849600561e+02
4.891376136045149678e+02
4.855269170204767875e+02
4.835383498805079512e+02
4.806013914746819182e+02
4.771373281421186903e+02
4.743734101334433149e+02
4.717109668471645136e+02
4.681603493108863177e+02
4.645669114471586454e+02
4.623162080748702465e+02
4.597017343896367265e+02
4.564239612386123781e+02
4.540376335657291520e+02
4.483930332795837899e+02
4.482534451853711630e+02
4.450530023698708533e+02
4.416719985833325950e+02
4.389478937798978677e+02
4.368505833428886831e+02
4.328553648356692634e+02
4.298398518365549421e+02
4.286814584243020363e+02
