1.383433553432152166e+03
1.392245072619571147e+03
1.401109425128624252e+03
1.410026880008849275e+03
1.418997707158987396e+03
1.428022177323996630e+03
1.437100562091999791e+03
1.446233133687880581e+03
1.455420159934104049e+03
1.464661903767024114e+03
1.473958628400737553e+03
1.483310597583004665e+03
1.492718075587402609e+03
1.502181327205334128e+03
1.511700617737886887e+03
1.521276212987620738e+03
1.530908379250168082e+03
1.540597383305741232e+03
1.550343492410520184e+03
1.560146974287859621e+03
1.570008097119423837e+03
1.579927129536138182e+03
1.589904340609060682e+03
1.599939999840071096e+03
1.610034377152437401e+03
1.620187742881284748e+03
1.630400367763870463e+03
1.640672522929756269e+03
1.651004479890840912e+03
1.661396510531253170e+03
1.671848887097075476e+03
1.682361882185980221e+03
1.692935768736688033e+03
1.703570820018274844e+03
1.714267309619380740e+03
1.725025511437222349e+03
1.735845699666507699e+03
1.746728148788147564e+03
1.757673133557909750e+03
1.768680928994820079e+03
1.779751810369499708e+03
1.790886052843804919e+03
1.802083927652432067e+03
1.813345703407965175e+03
1.824671648696858938e+03
1.836062032110520022e+03
1.847517122230045970e+03
1.859037187610837236e+03
1.870622496767049597e+03
1.882273318155799188e+03
1.893989920161284317e+03
1.905772571078627152e+03
1.917621539097630603e+03
1.929537092286287816e+03
1.941519498574147747e+03
1.953569025735484047e+03
1.965685941372280695e+03
1.977870512897045955e+03
1.990123007515444897e+03
2.002443692208712946e+03
2.014832833715937113e+03
2.027290698516132579e+03
2.039817552810093275e+03
2.052413662502122406e+03
2.065079293181536286e+03
2.077814710103966263e+03
2.090620178172542637e+03
2.103495961918784815e+03
2.116442325483401873e+03
2.129459532596833924e+03
2.142547846559650225e+03
2.155707530222714922e+03
2.168938845967200450e+03
2.182242055684395382e+03
2.195617420755277180e+03
2.209065199839485558e+03
2.222585636920965499e+03
2.236178969446313658e+03
2.249845433715000581e+03
2.263585264863796510e+03
2.277398696837979514e+03
2.291285962362283499e+03
2.305247292911527893e+03
2.319282918681125921e+03
2.333393068557244078e+03
2.347577970086786536e+03
2.361837849447123062e+03
2.376172931415527728e+03
2.390583439338451626e+03
2.405069595100515016e+03
2.419631619093207973e+03
2.434269730183496904e+03
2.448984145681989503e+03
2.463775081311054691e+03
2.478642751172552835e+03
2.493587367715401342e+03
2.508609141702935631e+03
2.523708282179895377e+03
2.538884996439351653e+03
2.554139489989235244e+03
2.569471966518749468e+03
2.584882627864483766e+03
2.600371673976307193e+03
2.615939302883002711e+03
2.631585710657748223e+03
2.647311091383264284e+03
2.663115637116803100e+03
2.678999537854865594e+03
2.694962981497615147e+03
2.711006149517474114e+03
2.727129205340124827e+03
2.743332306087953839e+03
2.759615606072562514e+03
2.775979256751142202e+03
2.792423406682572931e+03
2.808948201483359298e+03
2.825553783783193012e+03
2.842240293180378103e+03
2.859007866196964187e+03
2.875856636233670997e+03
2.892786733524516876e+03
2.909798285091326761e+03
2.926891414697863638e+03
2.944066242803868590e+03
2.961322886518762516e+03
2.978661459555232796e+03
2.996082072182505271e+03
3.013584831179442517e+03
3.031169839787450655e+03
3.048837197663138340e+03
3.066587000830762918e+03
3.084419341634519697e+03
3.102334308690594298e+03
3.120331986839019919e+03
3.138412457095377249e+03
3.156575796602207447e+03
3.174822078580411471e+03
3.193151372280256055e+03
3.211563742932378773e+03
3.230059251698550270e+03
3.248637955622196387e+03
3.267299907578930743e+03
3.286045156177502122e+03
3.304873736994730734e+03
3.323785662215379489e+03
3.342780936571876282e+03
3.361859559680273378e+03
3.381021525982240746e+03
3.400266824686850669e+03
3.419595439712260486e+03
3.439007349627281201e+03
3.458502527592798288e+03
3.478080941303176132e+03
3.497742552927366432e+03
3.517487319050171664e+03
3.537315190613235700e+03
3.557226112855965766e+03
3.577220025256543522e+03
3.597296861472625551e+03
3.617456549282214382e+03
3.637699010524283494e+03
3.658024161039527371e+03
3.678431910610968771e+03
3.698922162904546440e+03
3.719494815409732382e+03
3.740149759380122305e+03
3.760886879773965120e+03
3.781706055194769760e+03
3.802607157831943823e+03
3.823590053401309888e+03
3.844654601085835566e+03
3.865800653476329899e+03
3.887028056512092917e+03
3.908336649421820766e+03
3.929726264664397604e+03
3.951196727869858023e+03
3.972747857304665558e+03
3.994379445562495221e+03
4.016091253300208791e+03
4.037883031503063194e+03
4.059754523035832790e+03
4.081705462575484944e+03
4.103735576544024298e+03
4.125844583041545775e+03
4.148032191779550885e+03
4.170298104014495038e+03
4.192642012481568599e+03
4.215063601328806726e+03
4.237562546051423851e+03
4.260138513426518330e+03
4.282791161448005369e+03
4.305520139261989243e+03
4.328325087102379257e+03
4.351205636226951356e+03
4.374161408853722605e+03
4.397192018097747678e+03
4.420297067908312783e+03
4.443476153006586173e+03
4.466728858823620612e+03
4.490054761438927017e+03
4.513453427519426441e+03
4.536924414258903198e+03
4.560467269318018225e+03
4.584081530764781746e+03
4.607766727015557080e+03
4.631522376776670171e+03
4.655347988986540258e+03
4.679243062758420820e+03
4.703207087323736232e+03
4.727239541976008695e+03
4.751339893346077588e+03
4.775507555009744465e+03
4.799741894776539993e+03
4.824042267674133655e+03
4.848408016854662492e+03
4.872838473531919590e+03
4.897332956919502067e+03
4.921890774169882206e+03
4.946511220314671846e+03
4.971193578205651647e+03
4.995937118457160068e+03
5.020741099389342708e+03
5.045604766972626749e+03
5.070527354773322259e+03
5.095508083900361271e+03
5.120546162953264684e+03
5.145640787971282407e+03
5.170791142383849547e+03
5.195996396962228573e+03
5.221255709772481168e+03
5.246568226129787035e+03
5.271933078554150597e+03
5.297349386727280944e+03
5.322816257451128877e+03
5.348332784607790927e+03
5.373898049120635733e+03
5.399511118917341264e+03
5.425171048893957050e+03
5.450876880880971839e+03
5.476627643610544510e+03
5.502422352685577607e+03
5.528260010550371589e+03
5.554139606462780648e+03
5.580060116468218439e+03
5.606020497445399087e+03
5.632019643951437502e+03
5.658056412109539451e+03
5.684129643111863516e+03
5.710238163361724219e+03
5.736380784453692286e+03
5.762556303155633941e+03
5.788763501393311344e+03
5.815001146236967543e+03
5.841267989890247009e+03
5.867562769681636382e+03
5.893884208058035256e+03
5.920231012580788047e+03
5.946601875924289743e+03
5.972995475876871751e+03
5.999410475344171573e+03
6.025845522355212779e+03
6.052299250070959715e+03
6.078770276795348764e+03
6.105257205989103568e+03
6.131758626286137769e+03
6.158273111512685318e+03
6.184799220709121983e+03
6.211335498154540801e+03
6.237880473394110595e+03
6.264432661269364871e+03
6.290990561951091877e+03
6.317552660975421531e+03
6.344117429282544435e+03
6.370683323258547716e+03
6.397248784780136702e+03
6.423812241262421594e+03
6.450372105709623611e+03
6.476926776769031676e+03
6.503474607049642145e+03
6.530013786981411613e+03
6.556542447131756489e+03
6.583058700351608422e+03
6.609560641854411188e+03
6.636046349295432265e+03
6.661547063830925254e+03
6.687783140878296763e+03
6.714001282266997805e+03
6.740199475344492384e+03
6.766375689067812345e+03
6.792527874099073415e+03
6.818653962906275410e+03
6.844751869869080110e+03
6.870819491389856921e+03
6.896854706009730762e+03
6.922855374530226072e+03
6.948819340139883934e+03
6.974744428546408017e+03
7.000628448114219282e+03
7.026469190007296675e+03
7.052264428337644858e+03
7.078011920319211640e+03
7.103709406427375143e+03
7.129354610564005270e+03
7.154945240228183138e+03
7.180478986692552098e+03
7.205953525185499529e+03
7.231366515078822886e+03
7.256715600081495722e+03
7.281998408438869774e+03
7.307212553138045223e+03
7.332355632118855283e+03
7.357425228337784574e+03
7.382418820904720633e+03
7.407333633588314115e+03
7.432166831761164758e+03
7.456915561987628280e+03
7.481576952315146627e+03
7.506148112574441257e+03
7.530626134688285674e+03
7.555008092989261968e+03
7.579291044546138437e+03
7.603472029499414020e+03
7.627548071405383780e+03
7.651516177589553081e+03
7.675373339508591016e+03
7.699116533121617067e+03
7.722742719270284397e+03
7.746248844068020844e+03
7.769631839298060186e+03
7.792888622820942146e+03
7.816016098990566206e+03
7.839011159079675053e+03
7.861870681714361126e+03
7.884591533317337962e+03
7.907170568560697575e+03
7.929604630827383517e+03
7.951890552681746158e+03
7.974025156349411191e+03
7.996005254205666461e+03
8.017827649273222960e+03
8.039489135728675137e+03
8.060986499418136191e+03
8.082316518381431706e+03
8.103475963385437353e+03
8.124461598465929455e+03
8.145270179020370961e+03
8.165898291743385926e+03
8.186342254078344922e+03
8.206598351024955264e+03
8.226662859342639422e+03
8.246532048253986432e+03
8.266202180160675198e+03
8.285669511371363114e+03
8.304930292841987466e+03
8.323980770927766571e+03
8.342817188147388151e+03
8.361435783958950196e+03
8.379832795547559726e+03
8.398004458624754989e+03
8.415947008239367278e+03
8.433656679599562267e+03
8.451129708906486485e+03
8.468362334198798635e+03
8.485350796208269458e+03
8.502091339226130003e+03
8.518580211980166496e+03
8.534813668522299849e+03
8.550787969126344251e+03
8.566499381196124887e+03
8.581944180183372737e+03
8.597118650515372792e+03
8.612019086532283836e+03
8.626641793433689600e+03
8.640983088234206662e+03
8.655039300728016315e+03
8.668806774462180329e+03
8.682281867718123976e+03
8.695460954501415472e+03
8.708340425539408898e+03
8.720916670155027532e+03
8.733185664378830552e+03
8.745142973812244236e+03
8.756784162010832006e+03
8.768104809995602409e+03
8.779100517629636670e+03
8.789766905008667891e+03
8.800099613864813364e+03
8.810094308983698284e+03
8.819746679633914027e+03
8.829052441008796450e+03
8.838007335679716562e+03
8.846607135060678047e+03
8.854847640883588610e+03
8.862724686683723121e+03
8.870234139294827401e+03
8.877371900353400633e+03
8.884133907811423342e+03
8.890516137457343575e+03
8.896514604444249926e+03
8.902125364824916687e+03
8.907344517093155446e+03
8.912168203730780078e+03
8.916592612759373878e+03
8.920613979296520483e+03
8.924228587115621849e+03
8.927432770208670263e+03
8.930222914351319560e+03
8.932595458669609798e+03
8.934546897207337679e+03
8.936073780493848972e+03
8.937172717110983285e+03
8.937840375258787390e+03
8.938073484319133058e+03
8.937868820875408346e+03
8.937223058760715503e+03
8.936132836112850782e+03
8.934594857285099351e+03
8.932605895999717177e+03
8.930162904325934505e+03
8.927263256908277981e+03
8.923904473267310095e+03
8.920084147867666616e+03
8.915799951492768741e+03
8.911049632606858722e+03
8.905831018703662266e+03
8.900142017640902850e+03
8.893980618959731146e+03
8.887344895188391092e+03
8.880233003129320423e+03
8.872643185128843470e+03
8.864573770328357568e+03
8.856023175896916655e+03
8.846989908243522223e+03
8.837472564208843323e+03
8.827469832235619833e+03
8.816980493516377464e+03
8.806003423118316277e+03
8.794537591084159430e+03
8.782582063507972634e+03
8.770136003585941580e+03
8.757198672640188306e+03
8.743769431115924817e+03
8.729847739550252300e+03
8.715433159512464044e+03
8.700525354514733408e+03
8.685124090892393724e+03
8.669229238653393622e+03
8.652840898236967405e+03
8.635960013561727465e+03
8.618587896351316886e+03
8.600725955738165794e+03
8.582375697911724274e+03
8.563538726125396352e+03
8.544216740670717627e+03
8.524411538818711051e+03
8.504125014727991584e+03
8.483359141537099276e+03
8.462115878625463665e+03
8.440397240706941375e+03
8.418205340433192760e+03
8.395542388317557197e+03
8.372410692534840564e+03
8.348812658686038048e+03
8.324750789527797679e+03
8.300227684666588175e+03
8.275246040217351037e+03
8.249808648426644140e+03
8.223918397260234997e+03
8.197578269954945426e+03
8.170791344534924974e+03
8.143560793292239396e+03
8.115889882231761476e+03
8.087781970480371456e+03
8.059240509660729003e+03
8.030269043229280214e+03
8.000871205779109005e+03
7.971050722307124488e+03
7.940811407446359226e+03
7.910157164662998184e+03
7.879091985418460354e+03
7.847619948486896647e+03
7.815746388596190627e+03
7.783480628780765983e+03
7.750832811848394158e+03
7.717813061684916647e+03
7.684431479432931155e+03
7.650698139749141774e+03
7.616622960201073511e+03
7.582214574377868303e+03
7.547480891288359089e+03
7.512429810067364997e+03
7.477069225943409947e+03
7.441407027764245868e+03
7.405451095557471490e+03
7.369209298125733767e+03
7.332689490678318180e+03
7.295899512499045159e+03
7.258847184651437601e+03
7.221540307721708814e+03
7.183986659600090206e+03
7.146193993300997136e+03
7.108170034822780508e+03
7.069922481047124165e+03
7.031458997678892956e+03
6.992787217226709799e+03
6.953914737024603710e+03
6.914849117295084397e+03
6.875597879254042709e+03
6.836168503257728844e+03
6.796568426991942033e+03
6.756805043703894626e+03
6.716885765595989142e+03
6.676819920287064633e+03
6.636618995815112612e+03
6.596294501756901809e+03
6.555861297017817378e+03
6.515339659508293153e+03
6.474749988801916516e+03
6.434112274161984715e+03
6.393446092431216130e+03
6.352770606508353922e+03
6.312104564393524925e+03
6.271466298783994716e+03
6.230873727201898873e+03
6.190344352635439463e+03
6.149895264675182261e+03
6.109543141126972841e+03
6.069304250082960607e+03
6.029194452432983780e+03
5.989229204797645252e+03
5.949423562865715212e+03
5.909792185117839836e+03
5.870349333690695858e+03
5.831108158000597541e+03
5.792079816082361504e+03
5.753274927849497544e+03
5.714703807582631271e+03
5.676376468450833272e+03
5.638302627210033279e+03
5.600491709068237469e+03
5.562952852707635429e+03
5.525694915454331749e+03
5.488726478585846053e+03
5.452055852767924989e+03
5.415691083611522117e+03
5.379639957341756599e+03
5.343910012580951843e+03
5.308508726349016797e+03
5.273443545773234291e+03
5.238721683843281426e+03
5.204350113192838762e+03
5.170335402057158717e+03
5.136680517016846352e+03
5.103385201968075307e+03
5.070449041077924448e+03
5.037871578477130242e+03
5.005652320050667186e+03
4.973790735207867328e+03
4.942286258631962482e+03
4.911138292009133693e+03
4.880346205737328091e+03
4.849909340614532084e+03
4.819827009507077491e+03
4.790098498997800561e+03
4.760723071014389461e+03
4.731699964437983908e+03
4.703028396692251590e+03
4.674707565313296072e+03
4.646738965565100443e+03
4.619136099017307060e+03
4.591910431110711215e+03
4.565071320238835142e+03
4.538627877305541006e+03
4.512588976310998987e+03
4.486963265034931283e+03
4.461759175865196994e+03
4.436984936764734812e+03
4.412648582370104123e+03
4.388757965216052980e+03
4.365320767081155282e+03
4.342344510450372582e+03
4.319836570091397334e+03
4.297804182814450542e+03
4.276246589307772410e+03
4.255132300246332306e+03
4.234420494494154809e+03
4.214071028801427929e+03
4.194044536024601257e+03
4.174302395125521798e+03
4.154806704770724537e+03
4.135520260414046788e+03
4.116406534751465188e+03
4.097429661442642100e+03
4.078554421997732788e+03
4.059745753430448531e+03
4.040964937752790320e+03
4.022176494514425031e+03
4.003378252778920796e+03
3.984581764149919763e+03
3.965798423547881612e+03
3.947039421361350378e+03
3.928315743923889841e+03
3.909638174300714581e+03
3.891017002156108447e+03
3.872459195562739296e+03
3.853969690411956890e+03
3.835553299163787415e+03
3.817214739229399584e+03
3.798957689063696762e+03
3.780762149934076206e+03
3.762583866527715145e+03
3.744377985260829973e+03
3.726097765134716155e+03
3.707695872618905923e+03
3.689125941075333685e+03
3.670342605948629171e+03
3.651301528808546664e+03
3.631959426791310761e+03
3.612274213622894877e+03
3.592207621656685205e+03
3.571728269168570023e+03
3.550823151686595793e+03
3.529486136614344559e+03
3.507711607807652399e+03
3.485494468027983658e+03
3.462829982129371274e+03
3.439712508090148731e+03
3.416136257792406013e+03
3.392096066697096830e+03
3.367587413129888773e+03
3.342606586822042573e+03
3.317157578276444838e+03
3.291259788568678687e+03
3.264940368793375910e+03
3.238226638207353972e+03
3.211145574346377998e+03
3.183723786194527293e+03
3.155987531376590596e+03
3.127964956625431114e+03
3.099687115281961269e+03
3.071181587653013594e+03
3.042435928497530313e+03
3.013411389683084053e+03
2.984070926850688920e+03
2.954385560321285084e+03
2.924333836373226859e+03
2.893896133460513738e+03
2.863054457494546114e+03
2.831792472468554934e+03
2.800099519172977580e+03
2.768048116389973075e+03
2.735791935215773265e+03
2.703482434899618966e+03
2.671264499086740216e+03
2.639276545430712758e+03
2.607655124199896363e+03
2.576536553408650889e+03
2.546050966171425898e+03
2.516298031123520104e+03
2.487200730097721589e+03
2.458612395794020813e+03
2.430398803432829482e+03
2.402433203131723076e+03
2.374594517340263792e+03
2.346767245966609153e+03
2.318841700070655861e+03
2.290725305079551163e+03
2.262463738555934015e+03
2.234200583857645597e+03
2.206075245439816626e+03
2.178220385379925574e+03
2.150762285673043607e+03
2.123821011339547113e+03
2.097510439465192576e+03
2.071929848785518971e+03
2.047113762431592249e+03
2.023067049599784013e+03
1.999790362135713849e+03
1.977283924397200053e+03
1.955547838611386396e+03
1.934582031648001930e+03
1.914380268625471672e+03
1.894927128649551832e+03
1.876207058666846933e+03
1.858205194188404221e+03
1.840907275668771945e+03
1.824294963582625542e+03
1.808342958668007668e+03
1.793026531358213788e+03
1.778329538880442897e+03
1.764245117100642119e+03
1.750759454926367198e+03
1.737847065573049804e+03
1.725482342360297025e+03
1.713640609362179021e+03
1.702296981710172304e+03
1.691413893406047919e+03
1.680942652531755584e+03
1.670835213374391742e+03
1.661044778990179566e+03
1.651525574491299949e+03
1.642228238193518791e+03
1.633070738416625545e+03
1.623932223971663689e+03
1.614691569859972560e+03
1.605230212365552916e+03
1.595428319522058246e+03
1.585166251268525457e+03
1.574396588970328594e+03
1.563202573819020699e+03
1.551680487566912234e+03
1.539931049729279039e+03
1.528056662105952455e+03
1.516155370649934639e+03
1.504257427125331560e+03
1.492304878811280560e+03
1.480241105883273804e+03
1.468014049504143031e+03
1.455573570140389620e+03
1.442867017274420277e+03
1.429797056233371677e+03
1.416254721432811948e+03
1.402140296555444820e+03
1.387359293836963388e+03
1.371823364587718743e+03
1.355548968683817293e+03
1.338775385858530626e+03
1.321762478706891216e+03
1.304758128807479352e+03
1.287998067802900778e+03
1.271654918246851139e+03
1.255661737671279752e+03
1.239892010904825156e+03
1.224225360616885609e+03
1.208547573937951938e+03
1.192802866224487161e+03
1.177168722533071104e+03
1.161881372784763698e+03
1.147164827774621472e+03
1.133231906847358914e+03
1.120154410654015010e+03
1.107559810182947558e+03
1.095000502453928448e+03
1.082048989732324571e+03
1.068302185420098340e+03
1.053721258589475383e+03
1.038858247856197067e+03
1.024293521422831418e+03
1.010575584374494724e+03
9.981729007727510634e+02
9.870013584044802428e+02
9.766664795738594194e+02
9.667873322583633353e+02
9.569998537399740144e+02
9.471350931778817994e+02
9.373953411247063059e+02
9.280178599671112352e+02
9.192305201177875915e+02
9.111880319113431597e+02
9.036774854461942823e+02
8.963598598581406804e+02
8.889056774197266577e+02
8.810453959197013774e+02
8.730261840080707998e+02
8.653773393598979737e+02
8.586025766513280360e+02
8.531350091610594291e+02
8.486080942274430754e+02
8.440767394531676473e+02
8.386053298528394180e+02
8.313792462332492050e+02
8.227125393365695345e+02
8.136272376921735940e+02
8.051190893663435872e+02
7.979895060791444621e+02
7.917361662413385375e+02
7.852946499510601370e+02
7.776329189442259349e+02
7.681861506412788003e+02
7.580075173167937237e+02
7.484724837248726317e+02
7.408648253505035655e+02
7.351859286736354306e+02
7.296762388505241006e+02
7.225155851220200702e+02
7.122663175412697001e+02
6.999599451523019980e+02
6.877021224500025482e+02
6.774599109467544622e+02
6.699804652281118251e+02
6.639679138008474411e+02
6.579716157681029927e+02
6.507997201114341124e+02
6.426449442788700708e+02
6.342254865646341386e+02
6.262096124484198754e+02
6.188198436224726038e+02
6.118398973780716688e+02
6.050299243547341348e+02
5.982782836924129697e+02
5.917491303490467089e+02
5.856338145515958331e+02
5.800384642938273601e+02
5.747785884574167312e+02
5.696064245306131397e+02
5.642861596057526867e+02
5.586063764806584686e+02
5.523671607878915211e+02
5.454995478726305009e+02
5.387339267800326752e+02
5.330623611944564573e+02
5.291961073526407517e+02
5.263622887106199641e+02
5.232676370218390502e+02
5.189013263125265212e+02
5.135510167063823701e+02
5.078965234767231891e+02
5.024094093540931567e+02
4.968670862912604207e+02
4.909038188825481939e+02
4.844856172728901811e+02
4.782745123917900401e+02
4.729874113973093017e+02
4.686880065472151387e+02
4.646596217012571515e+02
4.602137490915531544e+02
4.551748370809236803e+02
4.496610175101470759e+02
4.438487086908899073e+02
4.380782382986851644e+02
4.327063705977373615e+02
4.279493689426891478e+02
4.238505249690452956e+02
4.203136434662236525e+02
4.164892470382188208e+02
4.112867710558197132e+02
4.046913377848580922e+02
3.982898727369893095e+02
3.934826764681669147e+02
3.900765652162548349e+02
3.872734262615422267e+02
3.845351038536996953e+02
3.816541860935923864e+02
3.784201047822235751e+02
3.744952409117049683e+02
3.695911761336898280e+02
3.644548497157679208e+02
3.605571775968990096e+02
3.582976476066137934e+02
3.561305364142630765e+02
3.527331461334502478e+02
3.485740959056148540e+02
3.445506991256502261e+02
3.409989464882162338e+02
3.379272242235338126e+02
3.350270109179065798e+02
3.316813506385772712e+02
3.277372667279607867e+02
3.238112302428360749e+02
3.203007402706738276e+02
3.168647930432378530e+02
3.132243312811903593e+02
3.097955216636136129e+02
3.069858918951364899e+02
3.043211978303570504e+02
3.011754906407369958e+02
2.976934157556795526e+02
2.942601101365774525e+02
2.909722671597318708e+02
2.878225310662007814e+02
2.849578145334853048e+02
2.825304422073022010e+02
2.802283563549802352e+02
2.776066066437833797e+02
2.746856237086328179e+02
2.716902292077882635e+02
2.689510500401452759e+02
2.666757000885201592e+02
2.644349949237518445e+02
2.618379151807632184e+02
2.590258249402441493e+02
2.561607173402838953e+02
2.532771607196747254e+02
2.504672657038856300e+02
2.478882145174805771e+02
2.454357640255244348e+02
2.428344531722759996e+02
2.399381253416987079e+02
2.368469243836387363e+02
2.343031856272119455e+02
2.326674756096577426e+02
2.314182193209024945e+02
2.295273783119026803e+02
2.261363928540125983e+02
2.234509860949322047e+02
2.228403997951708106e+02
2.211337809440171043e+02
2.177709786998216543e+02
2.149935527680011376e+02
2.128149431630792776e+02
2.107802290592718180e+02
2.092272330605673858e+02
2.076625301045495178e+02
2.053096890487092878e+02
2.029752292758854537e+02
2.012217417582278358e+02
1.997621364677413851e+02
1.976381637162736524e+02
1.949917338814005916e+02
1.935892634553601113e+02
1.919681075417039722e+02
1.892196841824657554e+02
1.876407923987547690e+02
1.863812374181861458e+02
1.845142020584641500e+02
1.833670316954429893e+02
1.817137975761357609e+02
1.790915580524107895e+02
1.772144031454113531e+02
1.756866600618943437e+02
1.740303487268902529e+02
1.722789194683342089e+02
1.703073334218482842e+02
1.688603907433459312e+02
1.678315881295191048e+02
1.655566187824576048e+02
1.636461244196842131e+02
1.627527142206294855e+02
1.618418294701430398e+02
1.600218768737685480e+02
1.579407239597361752e+02
1.562557689851738019e+02
1.549628706063772654e+02
1.537404115695048006e+02
1.527615355787846738e+02
1.512845863227620953e+02
1.494724100010556072e+02
1.485182924213350475e+02
1.471178870287396876e+02
1.456545873178153556e+02
1.440319702048498414e+02
1.425494143783592449e+02
1.418216103547553644e+02
1.400581784399483070e+02
1.389367417388411639e+02
1.380479238824519541e+02
1.368633844923999732e+02
1.356481693152493619e+02
1.340837466821750468e+02
1.324493584188680302e+02
1.315491970387163860e+02
1.309424746064412091e+02
1.294548409411518719e+02
1.282258734058124219e+02
1.273806252290114003e+02
1.259637648420634832e+02
1.250979667912192212e+02
1.240774666165217468e+02
1.230824075923098064e+02
1.219454324919114612e+02
1.208279931369443716e+02
1.198371197772531218e+02
1.185736977968878278e+02
1.175122766888146657e+02
1.165127065304576917e+02
1.155595558694848108e+02
1.143664183051951682e+02
1.135841310648494584e+02
1.128557260461792424e+02
1.115217464763479143e+02
1.106573025928962863e+02
1.098113559924446889e+02
1.085173249481685787e+02
1.078256756682252018e+02
1.068325462703915463e+02
1.056601492841444383e+02
1.051032513366038046e+02
1.038921829671963337e+02
1.032991120344754563e+02
1.021885229640680421e+02
1.017058536122534491e+02
1.010655668070864266e+02
9.967638540361814137e+01
9.870392411308873193e+01
9.791281011663627964e+01
9.733255984821154527e+01
9.646654813028372644e+01
9.569870330911999190e+01
9.460584275828244927e+01
9.401404020377319171e+01
9.332553883815158713e+01
9.239594791156980591e+01
9.174842664544850379e+01
9.084193649979827967e+01
9.024699636843718054e+01
8.963064307001609166e+01
8.888031235820423603e+01
8.815573333917342325e+01
8.737003490428699592e+01
8.662041490176531511e+01
