3.744112334015709962e+02
3.767959751616058384e+02
3.791950156850824101e+02
3.816084277873295036e+02
3.840362845135038583e+02
3.864786591377813920e+02
3.889356251625315508e+02
3.914072562624559737e+02
3.938936249207898186e+02
3.963948022983954047e+02
3.989108596313029693e+02
4.014418682999732937e+02
4.039878998271734076e+02
4.065490258758144932e+02
4.091253182467481793e+02
4.117168488765442476e+02
4.143236898352171806e+02
4.169459133239276412e+02
4.195835916726518349e+02
4.222367973378017609e+02
4.249056028998257375e+02
4.275900810607598714e+02
4.302903046417574728e+02
4.330063465805687315e+02
4.357382799289883337e+02
4.384861778502753964e+02
4.412501136165217872e+02
4.440301606059923643e+02
4.468263923004272442e+02
4.496388822823066107e+02
4.524677042320693658e+02
4.553129319253085896e+02
4.581746392299181707e+02
4.610529001031991925e+02
4.639477885889392041e+02
4.668593788144386849e+02
4.697877449875109619e+02
4.727329613934269901e+02
4.756951023918446708e+02
4.786742424136700720e+02
4.816704559579005149e+02
4.846838174940974682e+02
4.877144004289793315e+02
4.907622774596182467e+02
4.938275212760148065e+02
4.969102045695098013e+02
5.000104000286538053e+02
5.031281803350429982e+02
5.062636181591110471e+02
5.094167861558543677e+02
5.125877569605349890e+02
5.157766031843076462e+02
5.189833974098233966e+02
5.222082121867666729e+02
5.254511200273536815e+02
5.287121934017771991e+02
5.319915047336013458e+02
5.352891263951108840e+02
5.386051307026108361e+02
5.419395899116663031e+02
5.452925762123082905e+02
5.486641617241815538e+02
5.520544184916336690e+02
5.554634184787698814e+02
5.588912335644481573e+02
5.623379355372176178e+02
5.658035960902275292e+02
5.692882868160542102e+02
5.727920792015056577e+02
5.763150446223545487e+02
5.798572543380346360e+02
5.834187794862708643e+02
5.869996910776720824e+02
5.906000599902646400e+02
5.942199569639655010e+02
5.978594520021904373e+02
6.015186111365388797e+02
6.051974986293473648e+02
6.088961784324959581e+02
6.126147141831920635e+02
6.163531691961788965e+02
6.201116064558725611e+02
6.238900886084134072e+02
6.276886779536846461e+02
6.315074364372358104e+02
6.353464256421599430e+02
6.392057067809003001e+02
6.430853406869794071e+02
6.469853878066835478e+02
6.509059081906698339e+02
6.548469614854964220e+02
6.588086069251255594e+02
6.627909033223077131e+02
6.667939090599542169e+02
6.708176820824030528e+02
6.748622798866414314e+02
6.789277595134720968e+02
6.830141775385785650e+02
6.871215900635739899e+02
6.912500527069432792e+02
6.953996205949521254e+02
6.995703483524766852e+02
7.037622900937725490e+02
7.079754994131745889e+02
7.122100293757541749e+02
7.164659325078871461e+02
7.207432607877784676e+02
7.250420656359128770e+02
7.293623979054248139e+02
7.337043067098497886e+02
7.380678362785700983e+02
7.424530291350495190e+02
7.468599270420432958e+02
7.512885709897917650e+02
7.557390011841388286e+02
7.602112570346066605e+02
7.647053771423685475e+02
7.692213992881863760e+02
7.737593604202666029e+02
7.783192966420623407e+02
7.829012431999930186e+02
7.875052344711328942e+02
7.921313039507975873e+02
7.967794842401044662e+02
8.014498070334440172e+02
8.061423031059173354e+02
8.108570023006899419e+02
8.155939335162991028e+02
8.203531246939073753e+02
8.251346028044912373e+02
8.299383938359708281e+02
8.347645227802976251e+02
8.396130136204776591e+02
8.444838893175424346e+02
8.493771717974768762e+02
8.542928819380704226e+02
8.592310395557628908e+02
8.641916633923849531e+02
8.691747711018990685e+02
8.741803792370724295e+02
8.792085032360874948e+02
8.842591574091536586e+02
8.893323549116995537e+02
8.944281053722042998e+02
8.995464120883415262e+02
9.046872763408913443e+02
9.098506980259422789e+02
9.150366756391929357e+02
9.202452062601961416e+02
9.254762855365762562e+02
9.307299076682152190e+02
9.360060653913989199e+02
9.413047499629584536e+02
9.466259511443324755e+02
9.519696571856704850e+02
9.573358548098622123e+02
9.627245291965493834e+02
9.681356639661603367e+02
9.735692411638622161e+02
9.790252412435573888e+02
9.845036430518147199e+02
9.900044238118342719e+02
9.955275591073731221e+02
1.001073022866665951e+03
1.006640787346354273e+03
1.012230823115407475e+03
1.017843099039027607e+03
1.023477582262575766e+03
1.029134238195506214e+03
1.034813030495268322e+03
1.040513921051264333e+03
1.046236869968801557e+03
1.051981835553028304e+03
1.057748774292941107e+03
1.063537640845360784e+03
1.069348388018953528e+03
1.075180966629516206e+03
1.081035320544784554e+03
1.086911384989143016e+03
1.092809092569461882e+03
1.098728373694890934e+03
1.104669156558639543e+03
1.110631367119800643e+03
1.116614929085233598e+03
1.122619763891515731e+03
1.128645790686958435e+03
1.134692926313685348e+03
1.140761085289799894e+03
1.146850179791613982e+03
1.152960119635976071e+03
1.159090812262662212e+03
1.165242162716884195e+03
1.171414073631865222e+03
1.177606445211535856e+03
1.183819175213314566e+03
1.190052158931002168e+03
1.196305289177783152e+03
1.202578456269353183e+03
1.208871548007139381e+03
1.215184449661674762e+03
1.221517043956078624e+03
1.227869211049668138e+03
1.234240828521725007e+03
1.240631771355383307e+03
1.247041911921665360e+03
1.253471119963676529e+03
1.259919262580945087e+03
1.266386204213924657e+03
1.272871806628659897e+03
1.279375928901609768e+03
1.285898426682217178e+03
1.292439141261155100e+03
1.298997901542953741e+03
1.305574532972872476e+03
1.312168857782186706e+03
1.318780694971188495e+03
1.325409860292447547e+03
1.332056166234322745e+03
1.338719422004792023e+03
1.345399433515495730e+03
1.352096003366143805e+03
1.358808930829156452e+03
1.365538011834636109e+03
1.372283038955647726e+03
1.379043801393801459e+03
1.385820084965170736e+03
1.392611672086530007e+03
1.399418341761943338e+03
1.406239869569678604e+03
1.413076027649479556e+03
1.419926584690201935e+03
1.426791305917827231e+03
1.433669953083791825e+03
1.440562284453765187e+03
1.447468054796799606e+03
1.454387015374808243e+03
1.461318913932562509e+03
1.468263494687964567e+03
1.475220498322865751e+03
1.482189661974196497e+03
1.489170719225596713e+03
1.496163400099474075e+03
1.503167431049468405e+03
1.510182534953415825e+03
1.517208429501894216e+03
1.524244815518818314e+03
1.531291383426384982e+03
1.538347819605864288e+03
1.545413806436087270e+03
1.552489022288059459e+03
1.559573141520100990e+03
1.566665834473676568e+03
1.573766767469767274e+03
1.580875602805871495e+03
1.587991998753687085e+03
1.595115609557373091e+03
1.602246085432474729e+03
1.609383072565546399e+03
1.616526213114391339e+03
1.623675145208973845e+03
1.630829502953064548e+03
1.637988916426555988e+03
1.645153011688447123e+03
1.652321410780583392e+03
1.659493731732095057e+03
1.666669588564576088e+03
1.673848591297987696e+03
1.681030345957310828e+03
1.688214454579951052e+03
1.695400515223933780e+03
1.702588121976808225e+03
1.709776864965411505e+03
1.716966330366349212e+03
1.724156100417317248e+03
1.731345753429204933e+03
1.738534863799028699e+03
1.745723002023654544e+03
1.752909734714400884e+03
1.760094616022823175e+03
1.767277156208485394e+03
1.774456849329806346e+03
1.781633184650431758e+03
1.788805646660611728e+03
1.795973715098668663e+03
1.803128334165935257e+03
1.810262969992224498e+03
1.817392243151762159e+03
1.824515611623677614e+03
1.831632528572916044e+03
1.838742442377539874e+03
1.845844796657417646e+03
1.852939030304221205e+03
1.860024577512800761e+03
1.867100867813880313e+03
1.874167326108210091e+03
1.881223372702030019e+03
1.888268423343977702e+03
1.895301889263408611e+03
1.902323177210105541e+03
1.909331689495451201e+03
1.916326824035030086e+03
1.923307974392682127e+03
1.930274529826009029e+03
1.937225875333360364e+03
1.944161391702283254e+03
1.951080455559492975e+03
1.957982439422271000e+03
1.964866711751449202e+03
1.971732637005808101e+03
1.978579575698079680e+03
1.985406884452404029e+03
1.992213916021903970e+03
1.998999995226622787e+03
2.005764377930715227e+03
2.012506304369172312e+03
2.019225009867310291e+03
2.025919724919737291e+03
2.032589675271642818e+03
2.039234082002321657e+03
2.045852161611056090e+03
2.052443126105236843e+03
2.059006183090889863e+03
2.065540535865415222e+03
2.072045383512770968e+03
2.078519921000883642e+03
2.084963339281485332e+03
2.091374825392249477e+03
2.097753562561304534e+03
2.104098730314040495e+03
2.110409504582375121e+03
2.116685057816247536e+03
2.122924559097559268e+03
2.129127174256464059e+03
2.135292065989930506e+03
2.141418393982767157e+03
2.147505315030913607e+03
2.153551983167079015e+03
2.159557549788804863e+03
2.165521163788727790e+03
2.171441971687271234e+03
2.177319117767593070e+03
2.183151744212906124e+03
2.188938991246008300e+03
2.194679997271185584e+03
2.200373899018303746e+03
2.206019831023504139e+03
2.211616882275122862e+03
2.217164068977455827e+03
2.222660398682561663e+03
2.228104876842105568e+03
2.233496506994526953e+03
2.238834290955441702e+03
2.244117229011173094e+03
2.249344320115502796e+03
2.254514562089475021e+03
2.259626951824363005e+03
2.264680485487696387e+03
2.269674158732314936e+03
2.274606966908499999e+03
2.279477905279066363e+03
2.284285969237368590e+03
2.289030154528314142e+03
2.293709457472196846e+03
2.298322875191404819e+03
2.302869405839917363e+03
2.307348048835577629e+03
2.311757805095090134e+03
2.316097677271647171e+03
2.320366669995238226e+03
2.324563790115490065e+03
2.328688046947022940e+03
2.332738452517310634e+03
2.336714021816927016e+03
2.340613773052117722e+03
2.344436727899689686e+03
2.348181911764156212e+03
2.351848354036986166e+03
2.355435088357991390e+03
2.358941152878739558e+03
2.362365585345490217e+03
2.365707311516820482e+03
2.368965145927455069e+03
2.372137902503548958e+03
2.375224399840037677e+03
2.378223461565492926e+03
2.381133916710621179e+03
2.383954600080223372e+03
2.386684352628651595e+03
2.389322021838505407e+03
2.391866462102551850e+03
2.394316535108662265e+03
2.396671110227706322e+03
2.398929064904247753e+03
2.401089285049904447e+03
2.403150665439230124e+03
2.405112110108004799e+03
2.406972532753730320e+03
2.408730857138290048e+03
2.410386017492484825e+03
2.411936958922374288e+03
2.413382637817258455e+03
2.414722022259132700e+03
2.415954092433396454e+03
2.417077841040727890e+03
2.418092273709898109e+03
2.418996409411354307e+03
2.419789280871399114e+03
2.420469934986809676e+03
2.421037433239613165e+03
2.421490852111980075e+03
2.421829283500884230e+03
2.422051835132443102e+03
2.422157630975712891e+03
2.422145807444118418e+03
2.422015472747767490e+03
2.421765725051733625e+03
2.421395680082564013e+03
2.420904471967927748e+03
2.420291264258526553e+03
2.419555274282545270e+03
2.418695746052620962e+03
2.417711943649461773e+03
2.416603151632611116e+03
2.415368675448365593e+03
2.414007841834625651e+03
2.412519999222457500e+03
2.410904518134087539e+03
2.409160791577119653e+03
2.407288235434741637e+03
2.405286288851663357e+03
2.403154414615462429e+03
2.400892099533292821e+03
2.398498854803469385e+03
2.395974216381820497e+03
2.393317745342588751e+03
2.390529028233474492e+03
2.387607677424754911e+03
2.384553331452128077e+03
2.381365655352971316e+03
2.378044340995993934e+03
2.374589107403724029e+03
2.370999701067882143e+03
2.367275896257151544e+03
2.363417495317270550e+03
2.359424328963118114e+03
2.355296256562534836e+03
2.351033166411741604e+03
2.346635010157030592e+03
2.342101969103638567e+03
2.337434325272067326e+03
2.332632388112653643e+03
2.327696494452386105e+03
2.322627008538549489e+03
2.317424322073019539e+03
2.312088854237155374e+03
2.306621051707145398e+03
2.301021404857821835e+03
2.295290532093259117e+03
2.289429116724662890e+03
2.283437867933468624e+03
2.277317520569527460e+03
2.271068835021438190e+03
2.264692597077945265e+03
2.258189617780382378e+03
2.251560733266213902e+03
2.244806804603673299e+03
2.237928717617525763e+03
2.230927382706029221e+03
2.223803734649062790e+03
2.216558732407530897e+03
2.209193358914066721e+03
2.201708620855071331e+03
2.194105548444146280e+03
2.186385195187031513e+03
2.178548637638013133e+03
2.170596975148006550e+03
2.162531329604219536e+03
2.154352845161665300e+03
2.146062687966448266e+03
2.137662045870961720e+03
2.129152128192695272e+03
2.120534482730305626e+03
2.111811737075417568e+03
2.102986738947751746e+03
2.094062328611764315e+03
2.085041337804422710e+03
2.075926588687312233e+03
2.066720841176867907e+03
2.057426334906095235e+03
2.048045017225037554e+03
2.038578834408536068e+03
2.029029734512161667e+03
2.019399666785537875e+03
2.009690581091755121e+03
1.999904427332741534e+03
1.990043154881080227e+03
1.980108712018239203e+03
1.970103045379487639e+03
1.960028099405649300e+03
1.949885815801846093e+03
1.939678133003368202e+03
1.929406985648899990e+03
1.919074304061129624e+03
1.908682013734969132e+03
1.898232034833502667e+03
1.887726281691759596e+03
1.877166662328444545e+03
1.866555077965762393e+03
1.855893422557430767e+03
1.845183582324953477e+03
1.834427435302315416e+03
1.823626874210682900e+03
1.812784485829733285e+03
1.801903638968020232e+03
1.790987714147187489e+03
1.780040995985535346e+03
1.769069235182070315e+03
1.758078210209072040e+03
1.747073582821295531e+03
1.736060897442845089e+03
1.725045580727806964e+03
1.714032941289217433e+03
1.703028169590867265e+03
1.692036337996442398e+03
1.681062400970459976e+03
1.670111195425512960e+03
1.659187441210297493e+03
1.648295741732907118e+03
1.637440584714074475e+03
1.626626343064813454e+03
1.615857275883264947e+03
1.605137529565395653e+03
1.594471137163130606e+03
1.583861604152024938e+03
1.573311400462278925e+03
1.562822796753781404e+03
1.552397996915201475e+03
1.542039139070692272e+03
1.531748296616034168e+03
1.521527479282389322e+03
1.511378634225909082e+03
1.501303647141604188e+03
1.491304343399670870e+03
1.481382489202848319e+03
1.471539792763146124e+03
1.461777905496529002e+03
1.452098424867267568e+03
1.442502944562298580e+03
1.432993062732472026e+03
1.423570326103095340e+03
1.414236227881791137e+03
1.404992210839505333e+03
1.395839701250449480e+03
1.386780106471027239e+03
1.377814785231053975e+03
1.368945047866082859e+03
1.360172157756200022e+03
1.351497332771444917e+03
1.342921746722804301e+03
1.334446530817854182e+03
1.326072775120221195e+03
1.317801530011932527e+03
1.309633807658016167e+03
1.301570583472569069e+03
1.293612797585690942e+03
1.285761356310666997e+03
1.278017133610887868e+03
1.270380972566055107e+03
1.262853897738366413e+03
1.255437727571043752e+03
1.248132879945457489e+03
1.240939263528083757e+03
1.233856782382200208e+03
1.226885336710548245e+03
1.220024823576353128e+03
1.213275137618193185e+03
1.206636171759062336e+03
1.200107817909796267e+03
1.193689967667175551e+03
1.187382513006960835e+03
1.181185346972134994e+03
1.175098364356683305e+03
1.169121462214499843e+03
1.163253761233399473e+03
1.157490454876843160e+03
1.151825016578253781e+03
1.146251012543782508e+03
1.140762132921317061e+03
1.135352187426755563e+03
1.130015101308727935e+03
1.124744911640866803e+03
1.119535763931198062e+03
1.114381909038836966e+03
1.109277700388543735e+03
1.104217460292180476e+03
1.099194443099069986e+03
1.094201761348227365e+03
1.089235047175513273e+03
1.084291015423807721e+03
1.079366442249154261e+03
1.074458160979884724e+03
1.069563061600606943e+03
1.064678090327413884e+03
1.059800169951813587e+03
1.054925428698663609e+03
1.050049550279951745e+03
1.045168293295136209e+03
1.040277498828979105e+03
1.035373035788944435e+03
1.030449484752745093e+03
1.025500104871080566e+03
1.020518148977234773e+03
1.015496260619666486e+03
1.010426827961832032e+03
1.005302408780838164e+03
1.000115738982898392e+03
9.948597370652946665e+02
9.895275090730154943e+02
9.841123830179584502e+02
9.786086182884348545e+02
9.730114450169478459e+02
9.673163821895693673e+02
9.615191543699800150e+02
9.556156684853759771e+02
9.496020191766057224e+02
9.434744484817101693e+02
9.372290026232768696e+02
9.308617418891986972e+02
9.243689531302725300e+02
9.177471579686231280e+02
9.109931570998525103e+02
9.041057079104582499e+02
8.970875596827620484e+02
8.899436427198992305e+02
8.826790263910291969e+02
8.752987828185683838e+02
8.678079818564586958e+02
8.602116977146454246e+02
8.525156211795452919e+02
8.447263378500023236e+02
8.368500665211203113e+02
8.288883069575059608e+02
8.208394566255931295e+02
8.127021530534315161e+02
8.044769098416568340e+02
7.961659592402355656e+02
7.877716911208547117e+02
7.792965871937432212e+02
7.707432191523226948e+02
7.621148292844266052e+02
7.534233034092065964e+02
7.446880797996552701e+02
7.359282380703177751e+02
7.271621076567724913e+02
7.184072912368598054e+02
7.096818939655182703e+02
7.010049296322532655e+02
6.923946459048212319e+02
6.838664626797692563e+02
6.754211800086576432e+02
6.670539665849947824e+02
6.587618975032162325e+02
6.505425980717977836e+02
6.423937945571334467e+02
6.343133119453683548e+02
6.262991447939962200e+02
6.183507684116242444e+02
6.104782923219828490e+02
6.026990303072273036e+02
5.950295831952912522e+02
5.874856688216294742e+02
5.800822212620503251e+02
5.728334197655349271e+02
5.657526663396499771e+02
5.588520397706087124e+02
5.521389222031044710e+02
5.456178172855710500e+02
5.392919509227244816e+02
5.331642839509203213e+02
5.272376036500610326e+02
5.215145187087661043e+02
5.159958285740317478e+02
5.106789135028626561e+02
5.055600776308563695e+02
5.006357330142606656e+02
4.959024368669223009e+02
4.913556314484197856e+02
4.869888711092910967e+02
4.827958297345497840e+02
4.787717943820019855e+02
4.749137724979545396e+02
4.712168939236164533e+02
4.676731811014650475e+02
4.642746572696019598e+02
4.610136261030748983e+02
4.578824944293927501e+02
4.548712527347764194e+02
4.519673315508020437e+02
4.491583276656411385e+02
4.464321661187426002e+02
4.437770409589678593e+02
4.411802962535745110e+02
4.386258134679547993e+02
4.360942747405675277e+02
4.335665461682455657e+02
4.310238741886047933e+02
4.284468275512245441e+02
4.258155283391359376e+02
4.231166158428490576e+02
4.203484095222631822e+02
4.175107405034692647e+02
4.146053391136823052e+02
4.116351431735126880e+02
4.086029420287755443e+02
4.055045071095018443e+02
4.023265018733708303e+02
3.990569755924084916e+02
3.956852015361762369e+02
3.922009804719135104e+02
3.885946654204470860e+02
3.848580292513860286e+02
3.809876078357463030e+02
3.769816571539161032e+02
3.728388417814775266e+02
3.685582768094567996e+02
3.641469161355638562e+02
3.596292832782781375e+02
3.550316387785855454e+02
3.503792028778750591e+02
3.456961230324538406e+02
3.410032061449990124e+02
3.363067384601060326e+02
3.316086583993066483e+02
3.269108773916670430e+02
3.222153275192238198e+02
3.175285948373975202e+02
3.128728738916295811e+02
3.082733519965854612e+02
3.037537460110783059e+02
2.993363963599345539e+02
2.950336615035382124e+02
2.908267213793177461e+02
2.866913560302167525e+02
2.826046488735937032e+02
2.785450768591920223e+02
2.745177519009210982e+02
2.705726707444452472e+02
2.667614241678647886e+02
2.631326783808918890e+02
2.597277863443621868e+02
2.565399581569220118e+02
2.535361649492999447e+02
2.506846829716215836e+02
2.479553688701791145e+02
2.453317362414614422e+02
2.428210172955786561e+02
2.404324805099098512e+02
2.381750778476676942e+02
2.360532781916637077e+02
2.340468543814173756e+02
2.321254586070380128e+02
2.302594058371338122e+02
2.284233475569484142e+02
2.266277152438303233e+02
2.249010595276072877e+02
2.232684050224686700e+02
2.217492559672328412e+02
2.202964606285254376e+02
2.188149721970777648e+02
2.172118122125588968e+02
2.154061100990646480e+02
2.134225361173380691e+02
2.113522003025560423e+02
2.092847645775322007e+02
2.072950616535823940e+02
2.053357903809786080e+02
2.033065653192513764e+02
2.011107615826896051e+02
1.986961660838880732e+02
1.961639433369887229e+02
1.936463237603148002e+02
1.912666086376269732e+02
1.890238479914680454e+02
1.867496639448127951e+02
1.842759128857191797e+02
1.814747837902936851e+02
1.784628515697103239e+02
1.754618552616612988e+02
1.726796077058933179e+02
1.702018371061768960e+02
1.679099527893960726e+02
1.656709283442916956e+02
1.633763746204621725e+02
1.610375435054161528e+02
1.587097187427951894e+02
1.564443607019976241e+02
1.542705849909552569e+02
1.521955555425919613e+02
1.502215282774132277e+02
1.483459478568754548e+02
1.465624513273007494e+02
1.448645160406641423e+02
1.432492903114979015e+02
1.417220561108878485e+02
1.402878271282435776e+02
1.389393488292695338e+02
1.376101354161527581e+02
1.362173427322709074e+02
1.347051891208616610e+02
1.331806511185375825e+02
1.318059622280382257e+02
1.306994212830423123e+02
1.297488525083509785e+02
1.287626768559372294e+02
1.275870909228440695e+02
1.262338375908934864e+02
1.247652488378712121e+02
1.232381217502925495e+02
1.216907902909089216e+02
1.201556239323906254e+02
1.186523457914415332e+02
1.171753402987238957e+02
1.157187769206823873e+02
1.142650579489620526e+02
1.127780732049727561e+02
1.112282837341240054e+02
1.096448065872504003e+02
1.080896625988422244e+02
1.066018681486597615e+02
1.051421765968382118e+02
1.036589056380507969e+02
1.021689901992248224e+02
1.007659581685992123e+02
9.951202753909358023e+01
9.828543048312126018e+01
9.690414015846863549e+01
9.535899913529628691e+01
9.389558370749288940e+01
9.273044684078563193e+01
9.183135947066928395e+01
9.107112452522274282e+01
9.032947216057989692e+01
8.949118320361982626e+01
8.847829426301110800e+01
8.736380173318211462e+01
8.625592178701523949e+01
8.522299288356559543e+01
8.430399883241661030e+01
8.347521698725115868e+01
8.260023753564726690e+01
8.158312552021088493e+01
8.054203828464864046e+01
7.962948320864576601e+01
7.877474787269463263e+01
7.779232389358058697e+01
7.667379500830068650e+01
7.558863472664290839e+01
7.460935797169553041e+01
7.363811143702149309e+01
7.261018850765128718e+01
7.158457006297182090e+01
7.062594337269071332e+01
6.975167282374806632e+01
6.895120102279706487e+01
6.812831233117509555e+01
6.719020256773725919e+01
6.622093877531715123e+01
6.534630996866296471e+01
6.454832271839968882e+01
6.376129656947097146e+01
6.301413823035658623e+01
6.236067765207771885e+01
6.172606686986778612e+01
6.100274371478131741e+01
6.023569544875049075e+01
5.951301890947917883e+01
5.883677773905237274e+01
5.817935375265120967e+01
5.750105629802651208e+01
5.678545513388837662e+01
5.608615911595478565e+01
5.538500872553738930e+01
5.451880732531396490e+01
5.356819512711302878e+01
5.287959707359323858e+01
5.238171124053030780e+01
5.174630520813912682e+01
5.098484706543330702e+01
5.024364487034680593e+01
4.963395803993146416e+01
4.915783714323757891e+01
4.865359820796607693e+01
4.801401697760594089e+01
4.724204570434742578e+01
4.665039943528869060e+01
4.636081301910624575e+01
4.580249469213096347e+01
4.496590846029928912e+01
4.436519890003540922e+01
4.387903793290460186e+01
4.330669058971970742e+01
4.277796766409170459e+01
4.227865628174035351e+01
4.172172481098421315e+01
4.126073150489446562e+01
4.089851124943376703e+01
4.042166708011335174e+01
3.979008781246195525e+01
3.915327903463241199e+01
3.877176918473129774e+01
3.836206427015851261e+01
3.773645187609860585e+01
3.724842609058394061e+01
3.683427348708666926e+01
3.637582681641625726e+01
3.599871102705252213e+01
3.559838896180575318e+01
3.512000470248163708e+01
3.467348772706107241e+01
3.416004845698318348e+01
3.365744970162601390e+01
3.334570481852671264e+01
3.302771620469589919e+01
3.260772286255096475e+01
3.213556757096949923e+01
3.169176748386290399e+01
3.120176869994418212e+01
3.076920294526978239e+01
3.048411800316330300e+01
3.010366480216477569e+01
2.967548888085269709e+01
2.930238254118964036e+01
2.898630704615118603e+01
2.865523345644097475e+01
2.832976627847498108e+01
2.794387616796079854e+01
2.753833072213278754e+01
2.726200017225685457e+01
2.695311561068850281e+01
2.659336171539528948e+01
2.623127273410453242e+01
2.590761644981955314e+01
2.561204770654404683e+01
2.527186587084379710e+01
2.501189793149500673e+01
2.472951945441655752e+01
2.437284690430621836e+01
2.403816617920901066e+01
2.373904599788724568e+01
2.341616486490556426e+01
2.312574241324221447e+01
2.287546680955484391e+01
2.260277090331161887e+01
2.235897561197464967e+01
2.211370915037243989e+01
2.177686594892768923e+01
2.147902554103216488e+01
2.124050518617357852e+01
2.092381039784582342e+01
2.077430244069178045e+01
2.046074051414355566e+01
2.016448122309334323e+01
1.996131512517334983e+01
1.975423155527757402e+01
1.946358916942887518e+01
1.920730869393445062e+01
1.893221897322216662e+01
1.877424223111927049e+01
1.857855355451173551e+01
1.824975565037278002e+01
1.806776957943233342e+01
1.787797812654479657e+01
1.767155722086237546e+01
1.742427177381857462e+01
1.717101398307196192e+01
1.697362146118674531e+01
1.678401517260890330e+01
1.655707894982617034e+01
1.641620614319781168e+01
1.612405794920200819e+01
1.598127814527954094e+01
1.581011274827573132e+01
1.556644466339144905e+01
1.541126399168481953e+01
1.516538278384785521e+01
1.502926984306160740e+01
1.484999511335506206e+01
1.465302404755846410e+01
1.446681655055790294e+01
1.431256323714668888e+01
1.414774874336936250e+01
1.393064943728998273e+01
1.374719740834593118e+01
1.360805704377730052e+01
1.343721111807134072e+01
1.329898153170499242e+01
1.311094650525576100e+01
1.295611786493356909e+01
1.276161781517019023e+01
1.261161732482450404e+01
