1.679805222820366737e+02
1.690504425478337964e+02
1.701267779890761176e+02
1.712095612745403344e+02
1.722988251761159120e+02
1.733946025684424512e+02
1.744969264285390409e+02
1.756058298107421081e+02
1.767213452348337057e+02
1.778435046273099829e+02
1.789723399483914363e+02
1.801078832230976161e+02
1.812501665402942024e+02
1.823992220517228020e+02
1.835550819710124131e+02
1.847177785726823060e+02
1.858873441911220254e+02
1.870638112195601934e+02
1.882472121090187613e+02
1.894375793672455757e+02
1.906349455576375362e+02
1.918393432981422677e+02
1.930508052601495592e+02
1.942693641673608340e+02
1.954950527946436125e+02
1.967279039668744645e+02
1.979679505577578880e+02
1.992152254886331662e+02
2.004697617272640287e+02
2.017315922866115443e+02
2.030007502235860954e+02
2.042772686377892910e+02
2.055611806702337390e+02
2.068525195020447427e+02
2.081513183531499749e+02
2.094576104809454762e+02
2.107714291789494894e+02
2.120928077754318508e+02
2.134217796320362766e+02
2.147583781423721234e+02
2.161026367305980784e+02
2.174545888076663971e+02
2.188142673076821438e+02
2.201817048463657613e+02
2.215569340362651758e+02
2.229399874905294610e+02
2.243308978210559701e+02
2.257296976366218075e+02
2.271364195409961440e+02
2.285510961310220921e+02
2.299737599946889475e+02
2.314044437091700956e+02
2.328431798388507730e+02
2.342900009333256719e+02
2.357449395253792659e+02
2.372080281289419759e+02
2.386792992370243951e+02
2.401587853196302831e+02
2.416465188216480442e+02
2.431425321607151204e+02
2.446468577250665817e+02
2.461595278713588471e+02
2.476805749224658655e+02
2.492100311652608866e+02
2.507479288483704636e+02
2.522943001799041269e+02
2.538491773251698191e+02
2.554125924043534042e+02
2.569845774901872915e+02
2.585651646055878814e+02
2.601543857212755597e+02
2.617522727533659577e+02
2.633588575609435907e+02
2.649741719436096901e+02
2.665982476390022384e+02
2.682311160543261508e+02
2.698728068148212742e+02
2.715233487519431606e+02
2.731827705578603513e+02
2.748511007835627424e+02
2.765283678353658274e+02
2.782145999713832225e+02
2.799098252979599124e+02
2.816140717660920814e+02
2.833273671678031747e+02
2.850497391324995533e+02
2.867812151232947144e+02
2.885218224332983823e+02
2.902715881818858179e+02
2.920305393109323404e+02
2.937987025810131740e+02
2.955761045675913579e+02
2.973627716571523933e+02
2.991587300433331507e+02
3.009640057230037087e+02
3.027786244923290724e+02
3.046026119428058792e+02
3.064359934572538577e+02
3.082787942058000112e+02
3.101310391418146537e+02
3.119927529978326675e+02
3.138639602814392333e+02
3.157446852711286169e+02
3.176349520121311230e+02
3.195347843122216887e+02
3.214442057374882324e+02
3.233632396080805620e+02
3.252919089939258583e+02
3.272302367104080645e+02
3.291782447924359190e+02
3.311359530836307954e+02
3.331033806622494353e+02
3.350805462652548385e+02
3.370674682830194229e+02
3.390641647539940209e+02
3.410706533593578342e+02
3.430869514176224584e+02
3.451130758792197639e+02
3.471490433210535116e+02
3.491948699410269796e+02
3.512505715525329606e+02
3.533161635789307411e+02
3.553916610479759015e+02
3.574770785862403386e+02
3.595724304134902809e+02
3.616777303370506047e+02
3.637929917461311788e+02
3.659182276061318362e+02
3.680534504529240962e+02
3.701986723871029881e+02
3.723539050682128391e+02
3.745191597089541915e+02
3.766944470693619564e+02
3.788797774509593523e+02
3.810751606908936537e+02
3.832806061560364697e+02
3.854961227370822598e+02
3.877217188425996710e+02
3.899574023930823046e+02
3.922031808149700964e+02
3.944590610346415360e+02
3.967250494724073633e+02
3.990011520304830128e+02
4.012873730287094531e+02
4.035837139465959922e+02
4.058901753587677490e+02
4.082067572186047073e+02
4.105334588511981906e+02
4.128702789462825535e+02
4.152172155511535721e+02
4.175742660635741572e+02
4.199414272246609130e+02
4.223186951117696708e+02
4.247060651313447011e+02
4.271035320117864558e+02
4.295110897962869103e+02
4.319287318356556398e+02
4.343564507811575481e+02
4.367942385773126830e+02
4.392420864547160591e+02
4.416999849228287758e+02
4.441679237627834596e+02
4.466458920201724823e+02
4.491338779978341336e+02
4.516318692486423174e+02
4.541398525682925538e+02
4.566578139880811023e+02
4.591857387676933513e+02
4.617236113879956179e+02
4.642714155438129637e+02
4.668291341367319660e+02
4.693967492679004181e+02
4.719742422308204368e+02
4.745615935041730609e+02
4.771587827446290930e+02
4.797657887796806904e+02
4.823825895427136743e+02
4.850091598498494818e+02
4.876454706393485594e+02
4.902914916751172996e+02
4.929471917350493868e+02
4.956125386028510889e+02
4.982874990598872955e+02
5.009720388770522277e+02
5.036661228066728881e+02
5.063697145744399677e+02
5.090827768713673436e+02
5.118052713457915956e+02
5.145371585953987505e+02
5.172783981592955342e+02
5.200289485101094442e+02
5.227887670461408334e+02
5.255578100835455189e+02
5.283360328485709942e+02
5.311233894698312952e+02
5.339198329706318873e+02
5.367253152613442353e+02
5.395397871318348280e+02
5.423631982439375179e+02
5.451954971239945280e+02
5.480366311554440699e+02
5.508865465714687844e+02
5.537451884477114845e+02
5.566125006950477427e+02
5.594884260524219144e+02
5.623729060797573993e+02
5.652658811509303405e+02
5.681672904468160823e+02
5.710770719484099800e+02
5.739951624300183539e+02
5.769214971284078501e+02
5.798560048382481682e+02
5.827986087971351026e+02
5.857492306906543718e+02
5.887077907624294539e+02
5.916742078064958150e+02
5.946483991597898466e+02
5.976302806947514910e+02
6.006197668120703383e+02
6.036167704335256303e+02
6.066212029949907674e+02
6.096329744395425223e+02
6.126519932107189561e+02
6.156781662459142126e+02
6.187113989699114427e+02
6.217515952885644310e+02
6.247986575826230364e+02
6.278524867017159750e+02
6.309129819584803727e+02
6.339800411228508210e+02
6.370535604165125960e+02
6.401334345075238161e+02
6.432195565050795949e+02
6.463118179544769646e+02
6.494101088322470332e+02
6.525143175414343659e+02
6.556243309071090835e+02
6.587400341720029928e+02
6.618613109923898037e+02
6.649880434341055206e+02
6.681201119687941627e+02
6.712573954703435675e+02
6.743997712115054810e+02
6.775471148607382474e+02
6.806992997592241181e+02
6.838561916808754404e+02
6.870176517328480941e+02
6.901835392093263408e+02
6.933537116087901495e+02
6.965280246315987824e+02
6.997063321778101681e+02
7.028884863453105254e+02
7.060743374281859133e+02
7.092637339153766334e+02
7.124565224896385871e+02
7.156525480267616786e+02
7.188516535950882371e+02
7.220536804553446473e+02
7.252584680607475320e+02
7.284658540574139352e+02
7.316756742850991486e+02
7.348877627782353557e+02
7.381019517672714301e+02
7.413180716803500445e+02
7.445359511452995775e+02
7.477554169919570768e+02
7.509762942548175033e+02
7.541984061760178975e+02
7.574215742086597629e+02
7.606456180204861539e+02
7.638703554978759485e+02
7.670956027502245433e+02
7.703211741146468512e+02
7.735468821610559189e+02
7.767725376975930658e+02
7.799979497764314829e+02
7.832229256999318068e+02
7.864472710271943470e+02
7.896707857272159572e+02
7.928932500767436977e+02
7.961144370838405848e+02
7.993341176053828576e+02
8.025520603566515092e+02
8.057680319209626987e+02
8.089853587427678576e+02
8.121939634527011549e+02
8.154000037510649008e+02
8.186032366922052006e+02
8.218034172111791804e+02
8.250002981364547168e+02
8.281936302032219146e+02
8.313831620672832514e+02
8.345686403195555840e+02
8.377498095011515034e+02
8.409264121191083632e+02
8.440981886626929054e+02
8.472648776203452599e+02
8.504262154972462895e+02
8.535819368334961155e+02
8.567317742229404303e+02
8.598754583326235661e+02
8.630127179228838941e+02
8.661432798680879159e+02
8.692668691780162362e+02
8.723832090198932292e+02
8.754920207410865487e+02
8.785930238924339619e+02
8.816859362522684478e+02
8.847704738510631159e+02
8.878463509967829168e+02
8.909132803008742485e+02
8.939709726863425203e+02
8.970191265904643387e+02
9.000574095563914625e+02
9.030854821625309796e+02
9.061030028329055312e+02
9.091096278727658273e+02
9.121050115052282763e+02
9.150888059088941873e+02
9.180606612565103433e+02
9.210202257546146711e+02
9.239671456842403359e+02
9.269010654425941311e+02
9.298216275858111430e+02
9.327284728726868934e+02
9.356212403094792762e+02
9.384995671957181003e+02
9.413630891710625974e+02
9.442114402631631265e+02
9.470442529366069948e+02
9.498611581428377804e+02
9.526617853711535417e+02
9.554457627007328711e+02
9.582127168536585486e+02
9.609622732490221324e+02
9.636940560580198962e+02
9.664076882600809313e+02
9.691027917000551497e+02
9.717789871463636473e+02
9.744358943502168131e+02
9.770731321058163985e+02
9.796903183115972524e+02
9.822870700324357358e+02
9.848630035628949599e+02
9.874177344914282912e+02
9.899508774668562410e+02
9.924620267427302451e+02
9.949507439546131309e+02
9.974165868987040540e+02
9.998591124714139369e+02
1.002277876752755901e+03
1.004672435091162697e+03
1.007042342189670649e+03
1.009387152193522297e+03
1.011706418779104183e+03
1.013999695244273198e+03
1.016266534600024443e+03
1.018506489663486150e+03
1.020719113152260888e+03
1.022903957780067003e+03
1.025060576353653914e+03
1.027188521871031071e+03
1.029287347620938817e+03
1.031356607283567655e+03
1.033395855032501231e+03
1.035404645637876229e+03
1.037382534570724829e+03
1.039329078108472459e+03
1.041243833441603101e+03
1.043126358781430554e+03
1.044976213468967217e+03
1.046792958084883367e+03
1.048576154560508030e+03
1.050325366289843032e+03
1.052040158242582493e+03
1.053720097078117533e+03
1.055364751260455932e+03
1.056973691174067199e+03
1.058546489240610526e+03
1.060082717710956558e+03
1.061581898592448169e+03
1.063043503990169029e+03
1.064467005742590118e+03
1.065851877788013553e+03
1.067197596326563826e+03
1.068503639983777248e+03
1.069769489975708666e+03
1.070994630275575446e+03
1.072178547781822317e+03
1.073320732487598207e+03
1.074420677651558435e+03
1.075477879969961123e+03
1.076491839749989595e+03
1.077462061084243942e+03
1.078388052026331934e+03
1.079269324767517219e+03
1.080105395814326357e+03
1.080895786167103779e+03
1.081640021499383693e+03
1.082337632338047342e+03
1.082988154244193311e+03
1.083591127994649241e+03
1.084146099764025621e+03
1.084652621307270692e+03
1.085110250142632140e+03
1.085518549734944372e+03
1.085877089679172286e+03
1.086185445884130786e+03
1.086443200756271381e+03
1.086649943383499476e+03
1.086805269718887530e+03
1.086908782764228135e+03
1.086960092753339723e+03
1.086958815445030268e+03
1.086904553879590367e+03
1.086796906524725273e+03
1.086635479661654244e+03
1.086419887758781897e+03
1.086149755895167118e+03
1.085824724989841343e+03
1.085444446202534436e+03
1.085008579643568737e+03
1.084516794562226096e+03
1.083968769533920977e+03
1.083364192646075708e+03
1.082702761682599203e+03
1.081984184306838870e+03
1.081208178242911345e+03
1.080374471455304729e+03
1.079482802326630917e+03
1.078532919833389997e+03
1.077524583719707607e+03
1.076457564668842679e+03
1.075331644472398693e+03
1.074146616197146386e+03
1.072902284349271213e+03
1.071598465036008520e+03
1.070234986124509987e+03
1.068811687397797641e+03
1.067328420707794294e+03
1.065785050125171892e+03
1.064181452086042555e+03
1.062517515535265602e+03
1.060793142066336713e+03
1.059008246057702308e+03
1.057162754805387976e+03
1.055256608651868646e+03
1.053289776441542699e+03
1.051262330174962699e+03
1.049174387139853025e+03
1.047026077022473146e+03
1.044817541888873848e+03
1.042548936209584099e+03
1.040220426880061950e+03
1.037832193236890589e+03
1.035384427069642697e+03
1.032877339865561680e+03
1.030311200493136084e+03
1.027686307005435992e+03
1.025002969203565499e+03
1.022261508551013662e+03
1.019462258120142906e+03
1.016605562534587762e+03
1.013691777907550886e+03
1.010721271776015556e+03
1.007694423030869416e+03
1.004611621842956879e+03
1.001473269585076650e+03
9.982797787499204105e+02
9.950315728639923236e+02
9.917290863975147204e+02
9.883727646703391656e+02
9.849630637538818974e+02
9.815004503691341142e+02
9.779854017807243736e+02
9.744184056871265511e+02
9.707999601069689106e+02
9.671305732615562647e+02
9.634107634535772604e+02
9.596410589420512451e+02
9.558219978367206977e+02
9.519542704160328412e+02
9.480390519212857043e+02
9.440776166364709070e+02
9.400712357210738901e+02
9.360211767282524988e+02
9.319287031337464668e+02
9.277950548360689709e+02
9.236212792191420249e+02
9.194083151270403960e+02
9.151571001416907620e+02
9.108685715606731037e+02
9.065436661075427764e+02
9.021833196460945601e+02
8.977884668984982000e+02
8.933600411675296300e+02
8.888989740628792333e+02
8.844061952316575344e+02
8.798826320931618739e+02
8.753292095779676174e+02
8.707468498714011957e+02
8.661364721614882001e+02
8.614989923913844905e+02
8.568353230163830858e+02
8.521463727655391267e+02
8.474330464079479270e+02
8.426962445237243173e+02
8.379368632797333021e+02
8.331557942101027265e+02
8.283539240015360292e+02
8.235321342834849929e+02
8.186913095201042552e+02
8.138325728336462817e+02
8.089573165160807093e+02
8.040669359810453898e+02
7.991632351136154284e+02
7.942486786418452311e+02
7.893257464575680160e+02
7.843968687721303468e+02
7.794644258583606415e+02
7.745307478637262193e+02
7.695981146924855238e+02
7.646687559546140847e+02
7.597448509792804998e+02
7.548285288906301957e+02
7.499218687436592745e+02
7.450268997179405233e+02
7.401456013669653657e+02
7.352799039209538705e+02
7.304316886408749951e+02
7.256027882215768159e+02
7.207949872418480481e+02
7.160100220231354342e+02
7.112494391280467880e+02
7.065144218230022943e+02
7.018060760216817471e+02
6.971254756872669986e+02
6.924736632963206375e+02
6.878516503183590203e+02
6.832604177101945879e+02
6.787009164241426333e+02
6.741740679292761342e+02
6.696807647448124499e+02
6.652218709848899607e+02
6.607982229138904131e+02
6.564106295115745979e+02
6.520598737806532199e+02
6.477467353091312816e+02
6.434719940035629406e+02
6.392364050264611706e+02
6.350406978929742081e+02
6.308855777882174607e+02
6.267717388988114635e+02
6.226998635916768308e+02
6.186706109725180340e+02
6.146846171011259230e+02
6.107424956777070975e+02
6.068448387330460037e+02
6.029922173219792967e+02
5.991851822197056663e+02
5.954242646205111669e+02
5.917099768384450726e+02
5.880428130096138375e+02
5.844232497957016221e+02
5.808517470884086151e+02
5.773287487144990564e+02
5.738546831411927087e+02
5.704299641816745634e+02
5.670550622862264163e+02
5.637306627587191770e+02
5.604567737761544777e+02
5.572331790496873509e+02
5.540596643332618214e+02
5.509360176066625172e+02
5.478620292496362936e+02
5.448374922140385479e+02
5.418622021941486082e+02
5.389359577952239988e+02
5.360585607004171607e+02
5.332298158361493279e+02
5.304495315360468339e+02
5.277175197035558085e+02
5.250335959227443254e+02
5.223973299716259362e+02
5.198068543705044249e+02
5.172595893087822105e+02
5.147529896487616270e+02
5.122845592266885433e+02
5.098518491566573516e+02
5.074524562522134943e+02
5.050840215618783873e+02
5.027442290149705855e+02
5.004308041743228159e+02
4.981415130926188226e+02
4.958741023589741417e+02
4.936258335161315358e+02
4.913938230071136104e+02
4.891757949289575436e+02
4.869697473612523027e+02
4.847737142581444800e+02
4.825857641944992906e+02
4.804040000119093747e+02
4.782265585402798251e+02
4.760515747630603869e+02
4.738768353898904024e+02
4.716999360636011147e+02
4.695185147204853138e+02
4.673302551123635453e+02
4.651328785812880255e+02
4.629239407038289187e+02
4.607008265742119875e+02
4.584609315379282748e+02
4.562013700933836731e+02
4.539191348651439739e+02
4.516112874655873952e+02
4.492749621962732931e+02
4.469073678730032952e+02
4.445057898200345221e+02
4.420676050482523465e+02
4.395906005895422481e+02
4.370729391356140354e+02
4.345126035920675918e+02
4.319075590326835368e+02
4.292558538128409396e+02
4.265556221818787890e+02
4.238050662340144754e+02
4.210023018084040700e+02
4.181454528422285648e+02
4.152327469102513078e+02
4.122625190093638707e+02
4.092332288063861370e+02
4.061440952137505747e+02
4.029959698286865546e+02
3.997906838831190726e+02
3.965301439572704112e+02
3.932162712442643624e+02
3.898509997519452668e+02
3.864362796955636554e+02
3.829743529000900253e+02
3.794678780965497822e+02
3.759194176117380835e+02
3.723301083027745904e+02
3.687001503158917330e+02
3.650298294313666361e+02
3.613202411170984192e+02
3.575732187401134752e+02
3.537906314772614564e+02
3.499743539529764575e+02
3.461262646618922076e+02
3.422484576550093607e+02
3.383455610135080178e+02
3.344241944757478109e+02
3.304908377026312110e+02
3.265517309917423745e+02
3.226128858700440105e+02
3.186806363108086657e+02
3.147618193583186326e+02
3.108630203739771787e+02
3.069900766549823175e+02
3.031454077633590600e+02
2.993301507620865891e+02
2.955461500230989031e+02
2.917953454028579472e+02
2.880795737839097796e+02
2.844005713684659895e+02
2.807600088113861148e+02
2.771599261202719617e+02
2.736047196375188832e+02
2.701002848227810205e+02
2.666522372969324692e+02
2.632658811236372003e+02
2.599462516150688884e+02
2.566981258600195588e+02
2.535260095385095269e+02
2.504340093918140155e+02
2.474250160343093228e+02
2.445009943788598719e+02
2.416633399866139200e+02
2.389133312289102093e+02
2.362521699193530367e+02
2.336809786782427238e+02
2.312000752487764714e+02
2.288084127454243344e+02
2.265046510636717869e+02
2.242874956633523311e+02
2.221557037976245397e+02
2.201075211830743683e+02
2.181403370195323532e+02
2.162515790287040716e+02
2.144392263271258798e+02
2.127018396674076826e+02
2.110371322939086554e+02
2.094414296950388348e+02
2.079110614722417836e+02
2.064424862545036206e+02
2.050322076418746065e+02
2.036756181559214269e+02
2.023669535431464510e+02
2.011005279857918993e+02
1.998708064708488052e+02
1.986723780946450688e+02
1.974994691850351956e+02
1.963453985704012439e+02
1.952029246956876136e+02
1.940649220841802673e+02
1.929244026812229151e+02
1.917740408573036461e+02
1.906062617936656238e+02
1.894150278588526248e+02
1.881970120294226092e+02
1.869493460235426312e+02
1.856700814812447788e+02
1.843578850583301119e+02
1.830114682153235890e+02
1.816278898484101205e+02
1.802020853130664477e+02
1.787297327540704543e+02
1.772070389023991481e+02
1.756304260650286153e+02
1.739965882983265999e+02
1.723033502010468396e+02
1.705509437918519211e+02
1.687403065502980724e+02
1.668724827701832112e+02
1.649486283727826219e+02
1.629716920001943947e+02
1.609489011645302696e+02
1.588879589020520484e+02
1.567963099186862621e+02
1.546811316736876165e+02
1.525493065567491726e+02
1.504055208982699696e+02
1.482535285551166169e+02
1.460969322834882576e+02
1.439392034770086752e+02
1.417851198399037571e+02
1.396432501925252154e+02
1.375226344865188253e+02
1.354317739681837622e+02
1.333786657537949338e+02
1.313692178283399130e+02
1.294028877475591344e+02
1.274778298241965473e+02
1.255922742808561452e+02
1.237445001246299512e+02
1.219375092015748834e+02
1.201829632074141330e+02
1.184927305780682758e+02
1.168779960256184580e+02
1.153482073921715454e+02
1.139020526957111912e+02
1.125325953137445936e+02
1.112331904750381426e+02
1.099975445545855592e+02
1.088216423897745671e+02
1.077046401098045152e+02
1.066458772660701300e+02
1.056447488959264973e+02
1.046998835673491470e+02
1.038048492205429341e+02
1.029506141082070769e+02
1.021283005923215512e+02
1.013299774811782896e+02
1.005547264783104708e+02
9.980466784579134298e+01
9.908060712614731358e+01
9.838229992030180426e+01
9.769607595771229569e+01
9.699867884317771427e+01
9.626758101186428007e+01
9.548303744366630497e+01
9.464754051536851875e+01
9.377764028160115117e+01
9.288986346004459449e+01
9.199888191570221352e+01
9.109409059170707224e+01
9.015367677273459890e+01
8.915673120613425340e+01
8.809209462883639219e+01
8.698249106640876960e+01
8.585767970940247551e+01
8.474548542098185067e+01
8.364732837016690326e+01
8.252957952148136656e+01
8.135996978598092255e+01
8.011501522587077773e+01
7.882307177115328045e+01
7.753468362018763571e+01
7.629744093429489737e+01
7.513282053220477508e+01
7.401824539875721598e+01
7.292793567259622023e+01
7.184127813190073653e+01
7.076245521861703480e+01
6.970441420367875196e+01
6.867917547072329398e+01
6.769451609962791849e+01
6.675401141492719148e+01
6.585929392006489991e+01
6.500987154012244673e+01
6.420359932215852439e+01
6.343824216234643387e+01
6.271258745465776485e+01
6.202701951584590745e+01
6.138145838211149652e+01
6.077273586418659335e+01
6.018255101828670206e+01
5.958835337099689866e+01
5.897346207229151105e+01
5.835975800432062499e+01
5.778248292478963322e+01
5.726689115175057054e+01
5.678533681424391943e+01
5.629244603079001052e+01
5.575152194282303952e+01
5.516250257893905484e+01
5.453656239574117848e+01
5.388507743492709068e+01
5.321924971498246748e+01
5.254961156724610305e+01
5.188196370727622053e+01
5.121250729851549721e+01
5.053776141397634802e+01
4.985414131124290549e+01
4.915584910999582036e+01
4.843883281509514660e+01
4.771428404424861469e+01
4.700223143969488859e+01
4.631556325830350573e+01
4.564233200820237357e+01
4.496663201657202080e+01
4.429303280979154778e+01
4.364846353405049229e+01
4.305161270383821659e+01
4.247491631810760992e+01
4.187567662195085916e+01
4.125183777138930452e+01
4.066054157218755449e+01
4.015187286848841808e+01
3.971674044438627504e+01
3.932342981612971755e+01
3.894124684599218966e+01
3.853947986071345611e+01
3.809735961731725951e+01
3.763478684948361774e+01
3.718074914242242812e+01
3.674825807684887735e+01
3.633883307876429569e+01
3.594291766805464761e+01
3.553115064005614698e+01
3.508403352375121642e+01
3.463110107742596711e+01
3.420970112782488570e+01
3.379822061903788466e+01
3.334511934253631438e+01
3.285125524559692423e+01
3.236992658609486284e+01
3.192345909189035069e+01
3.147991712099095096e+01
3.101893816115140012e+01
3.056193244296499500e+01
3.013095849891672273e+01
2.972757454077386186e+01
2.934506221407541915e+01
2.895890743591430194e+01
2.854722144576204457e+01
2.813518002685035313e+01
2.775795138283094587e+01
2.740821287024902730e+01
2.706442238573775327e+01
2.673140205066043507e+01
2.642182409092274753e+01
2.611968978645485251e+01
2.580130454320224231e+01
2.547332207384055991e+01
2.515225715643071069e+01
2.484458317272049754e+01
2.454899536317160624e+01
2.424431833690994864e+01
2.391840432183748177e+01
2.359619544480484521e+01
2.327940324984751541e+01
2.291842300818701617e+01
2.253383194041572324e+01
2.222422625240344374e+01
2.197122780721358737e+01
2.168444490670231417e+01
2.136697472709959911e+01
2.105672142825917703e+01
2.077468901074138330e+01
2.052163393284676118e+01
2.027132349863563476e+01
1.999863789222888855e+01
1.969575473449667413e+01
1.943854475963432193e+01
1.925547457832018239e+01
1.899818956834585393e+01
1.867254971850638512e+01
1.842302038270566200e+01
1.820494240671282782e+01
1.795486162147675557e+01
1.771695790390905856e+01
1.749081960277503711e+01
1.725085210193421759e+01
1.703681064026316960e+01
1.684792432921147665e+01
1.662562840839659728e+01
1.635910911903705056e+01
1.609413143947136859e+01
1.591159869205610278e+01
1.572518142209624337e+01
1.547076840919825536e+01
1.524257030344976727e+01
1.504678221133869798e+01
1.485720714764918249e+01
1.467426980045149598e+01
1.449297494841863809e+01
1.430716918063280829e+01
1.411147184725154169e+01
1.389237335125732287e+01
1.368307001108184728e+01
1.352978578880921923e+01
1.338001983363108316e+01
1.318772115381281829e+01
1.297055520382934724e+01
1.279412856378637287e+01
1.259172394043536336e+01
1.239439517369565458e+01
1.226027159461426486e+01
1.210023604199427005e+01
1.193103036329839206e+01
1.177839028941769506e+01
1.163102599833637818e+01
1.146937867745249484e+01
1.131315706229292140e+01
1.115371775163394297e+01
1.098991561357395597e+01
1.084855043381367068e+01
1.071508856716663516e+01
1.056375380462942104e+01
1.040791624546614713e+01
1.026908451016767465e+01
1.013298700401720254e+01
9.982282123144734953e+00
9.867517231629760133e+00
9.742079304491545244e+00
9.594315350004215759e+00
9.462713502082268135e+00
9.332043358717996284e+00
9.184654037838729579e+00
9.061367715754396812e+00
8.947735472416107783e+00
8.828809120178258141e+00
8.726907162318035205e+00
8.609951409193843830e+00
8.461714708197936474e+00
8.351274080448387593e+00
8.235718277821206357e+00
8.102744326618402937e+00
8.029411149869114084e+00
7.905702411633443560e+00
7.789948796114383178e+00
7.692936135956631283e+00
7.599925667474562552e+00
7.473718018198263202e+00
7.371299147743918034e+00
7.256528643280092616e+00
7.172420339734704164e+00
7.086189346099371456e+00
6.959860041181893386e+00
6.887173338531307643e+00
6.798633425893040538e+00
6.708178818999277482e+00
6.607935772059572166e+00
6.500870111902474768e+00
6.412254811771991747e+00
6.322139095956497812e+00
6.236118095125487315e+00
6.172219891917448464e+00
6.056523591512231519e+00
5.982329215896509567e+00
5.914474993418695981e+00
5.814805580610328484e+00
5.746891936954481750e+00
5.656050134797193429e+00
5.585262947222525476e+00
5.509399456242173976e+00
5.423937999381292840e+00
5.342290952394091796e+00
5.275762622907529398e+00
5.216545776189220440e+00
5.121623950852193907e+00
5.053622562004123075e+00
4.979663821125727807e+00
4.918438974249675688e+00
4.861231964664042948e+00
4.787747177178497182e+00
4.725242034908523792e+00
4.640502462461374655e+00
4.580363063750366948e+00
