6.545366762086440531e+02
6.587056241620700803e+02
6.628995688684299239e+02
6.671186376217232237e+02
6.713629581177285672e+02
6.756326584525910448e+02
6.799278671213776306e+02
6.842487129204226903e+02
6.885953225631673149e+02
6.929678204513124911e+02
6.973663311179660695e+02
7.017909793487255001e+02
7.062418901779651605e+02
7.107191888850552459e+02
7.152230009905110819e+02
7.197534522521063991e+02
7.243106686609002054e+02
7.288947764372177289e+02
7.335059020265766776e+02
7.381441720955266419e+02
7.428097135274547327e+02
7.475026534183045896e+02
7.522231190722577594e+02
7.569712379973278757e+02
7.617471379008978829e+02
7.665509466852107607e+02
7.713827924427679363e+02
7.762428034516798334e+02
7.811311081709499149e+02
7.860478352356932419e+02
7.909931134522736329e+02
7.959670717934011464e+02
8.009698393931440705e+02
8.060015455418699730e+02
8.110623196811402522e+02
8.161522913985112382e+02
8.212715904222902736e+02
8.264203466161939104e+02
8.315986899739804130e+02
8.368067506139620946e+02
8.420446587734871855e+02
8.473125446384443649e+02
8.526105365366861406e+02
8.579387615554782087e+02
8.632973467697242995e+02
8.686864192566708880e+02
8.741061060886866017e+02
8.795565343259826250e+02
8.850378310092560241e+02
8.905501231522171111e+02
8.960935377340766763e+02
9.016682016919020271e+02
9.072742419129305063e+02
9.129117852267687567e+02
9.185809583975220676e+02
9.242818881158307249e+02
9.300147009908212112e+02
9.357795235419732762e+02
9.415764821909052671e+02
9.474057032530514562e+02
9.532673129292799103e+02
9.591614372974123626e+02
9.650882023036373312e+02
9.710477337538658276e+02
9.770401573049809940e+02
9.830655984559913350e+02
9.891241825391283555e+02
9.952160347108056158e+02
1.001341279942533902e+03
1.007500043011715888e+03
1.013692448492372250e+03
1.019918620745756016e+03
1.026178683910898599e+03
1.032472761895053964e+03
1.038800978364036382e+03
1.045163455696127130e+03
1.051560309326173183e+03
1.057991651596039901e+03
1.064457594304859185e+03
1.070958248701660295e+03
1.077493725471748121e+03
1.084064134722958215e+03
1.090669585971759716e+03
1.097310188129304606e+03
1.103986049487305763e+03
1.110697277703839745e+03
1.117443979789021341e+03
1.124226262090545788e+03
1.131044230279150725e+03
1.137897989333944679e+03
1.144787643527600494e+03
1.151713296411499869e+03
1.158675050800673489e+03
1.165673008758716605e+03
1.172707271582521571e+03
1.179777939786933075e+03
1.186885113089304923e+03
1.194028890393880374e+03
1.201209369776144968e+03
1.208426648466990855e+03
1.215680822836824518e+03
1.222971988379534878e+03
1.230300239696357039e+03
1.237665670479612800e+03
1.245068373496378626e+03
1.252508440571995607e+03
1.259985962573507095e+03
1.267501029392962664e+03
1.275053729930583359e+03
1.282644150045466176e+03
1.290272367058349118e+03
1.297938455307724553e+03
1.305642487802232381e+03
1.313384536200021330e+03
1.321164670787976547e+03
1.328982960460872846e+03
1.336839472700349233e+03
1.344734273553821367e+03
1.352667427613251220e+03
1.360638997993823750e+03
1.368649046312478049e+03
1.376697632666385516e+03
1.384784815611247495e+03
1.392910652139550621e+03
1.401075197658662546e+03
1.409278505968871514e+03
1.417520629241279494e+03
1.425801617995610968e+03
1.434121521077931675e+03
1.442480385638251391e+03
1.450878257108024400e+03
1.459315179177576510e+03
1.467791193773419991e+03
1.476306341035475498e+03
1.484860659294220568e+03
1.493454185047702367e+03
1.502086952938542026e+03
1.510758995730755942e+03
1.519470344286574345e+03
1.528221027543145738e+03
1.537011072489127400e+03
1.545840504141282054e+03
1.554709345497611821e+03
1.563617613390392080e+03
1.572565313584535943e+03
1.581552448319072028e+03
1.590579017412345138e+03
1.599645018234571808e+03
1.608750445680296707e+03
1.617895292140801757e+03
1.627079547476461130e+03
1.636303198989024850e+03
1.645566231393896032e+03
1.654868626792269652e+03
1.664210364643339972e+03
1.673591421736384063e+03
1.683011772162809166e+03
1.692471387288243932e+03
1.701970235724483018e+03
1.711508283301510573e+03
1.721085493039409357e+03
1.730701825120327612e+03
1.740357236860378862e+03
1.750051682681533066e+03
1.759785114083520739e+03
1.769557479615724560e+03
1.779368724849043247e+03
1.789218792347790213e+03
1.799107621641609057e+03
1.809035149197329702e+03
1.819001308390926170e+03
1.829006029479460040e+03
1.839049239572998658e+03
1.849130862606656137e+03
1.859250819312581598e+03
1.869409027192025860e+03
1.879605400262351850e+03
1.889839840394491148e+03
1.900112234349276605e+03
1.910422464311666999e+03
1.920770408624618767e+03
1.931155941757233450e+03
1.941578934272986999e+03
1.952039252798052075e+03
1.962536759989751090e+03
1.973071314505114287e+03
1.983642770969550611e+03
1.994250979945673180e+03
2.004895787902231405e+03
2.015577037183217271e+03
2.026294565977082584e+03
2.037048208286159706e+03
2.047837793896201447e+03
2.058663148346129219e+03
2.069524092897930132e+03
2.080420444506756212e+03
2.091352015791205304e+03
2.102318615003825471e+03
2.113320046001780156e+03
2.124356108217787551e+03
2.135426596631235498e+03
2.146531301739537412e+03
2.157670009529749677e+03
2.168842501450406417e+03
2.180048554383611190e+03
2.191287940617406093e+03
2.202560427818396420e+03
2.213865779004657270e+03
2.225203752518925285e+03
2.236574102002070504e+03
2.247976575103934010e+03
2.259410894372703751e+03
2.270876760703411492e+03
2.282373868943675006e+03
2.293901908322502095e+03
2.305460562420576025e+03
2.317049509140987993e+03
2.328668420680415238e+03
2.340316963500853035e+03
2.351994798301717765e+03
2.363701579992589359e+03
2.375436957666360740e+03
2.387200574572965252e+03
2.398992068093644320e+03
2.410811069715743542e+03
2.422657205008095389e+03
2.434530093596958977e+03
2.446429349142576939e+03
2.458354579316296167e+03
2.470305385778319760e+03
2.482281364156091968e+03
2.494282104023342526e+03
2.506307188879687146e+03
2.518356196131006527e+03
2.530428697070480212e+03
2.542524256860192054e+03
2.554642434513642911e+03
2.566782782878747184e+03
2.578944848621779329e+03
2.591128172211869696e+03
2.603332287906371221e+03
2.615556723736976437e+03
2.627801001496545723e+03
2.640064636726804565e+03
2.652347135901237834e+03
2.664647976007439865e+03
2.676966615848970378e+03
2.689302507165140014e+03
2.701655094698291578e+03
2.714023816184384941e+03
2.726408102344498275e+03
2.738807376877542538e+03
2.751221056453915480e+03
2.763648550710257950e+03
2.776089262245405735e+03
2.788542586617347752e+03
2.801007912341347037e+03
2.813484620889282724e+03
2.825972086690068863e+03
2.838469677131247408e+03
2.850976752561867215e+03
2.863492666296529023e+03
2.876016764620606409e+03
2.888548386796780505e+03
2.901086865072802539e+03
2.913631524690543301e+03
2.926181683896317281e+03
2.938736653952511006e+03
2.951295739150527424e+03
2.963858236825113636e+03
2.976423437369925978e+03
2.988990624254599425e+03
3.001559074043069359e+03
3.014128056413365357e+03
3.026696834178767404e+03
3.039264663310418200e+03
3.051830792961311090e+03
3.064394465491819574e+03
3.076954901480459739e+03
3.089511244774829265e+03
3.102062610900074105e+03
3.114608106999233314e+03
3.127146831870612459e+03
3.139677876005310281e+03
3.152072750923568037e+03
3.164523470030266253e+03
3.176965195007277998e+03
3.189396976995084970e+03
3.201817858608084407e+03
3.214226873981229346e+03
3.226623048819128599e+03
3.239005400447453667e+03
3.251372937866784468e+03
3.263724661808788369e+03
3.276059564794978996e+03
3.288376631197790630e+03
3.300674837304209177e+03
3.312953151381908356e+03
3.325210533747834234e+03
3.337445936839396381e+03
3.349658305288171505e+03
3.361846575996196862e+03
3.374009678214827090e+03
3.386146533626217661e+03
3.398256056427401745e+03
3.410337153417065110e+03
3.422388724084852583e+03
3.434409660703487134e+03
3.446398848423401432e+03
3.458355165370211125e+03
3.470277482744780627e+03
3.482164664853606155e+03
3.494015527050903074e+03
3.505828764036161829e+03
3.517603043063777477e+03
3.529337022679267648e+03
3.541029352857059621e+03
3.552678675142385146e+03
3.564283622797137923e+03
3.575842820949900215e+03
3.587354886749953039e+03
3.598818429525524607e+03
3.610232050945986430e+03
3.621594345188361785e+03
3.632903899107797315e+03
3.644159292412327432e+03
3.655359097841722814e+03
3.666501881350555323e+03
3.677586202295328803e+03
3.688610613625979568e+03
3.699573662081323164e+03
3.710473888388858541e+03
3.721309827468726326e+03
3.732080008641720724e+03
3.742782955841659714e+03
3.753417187831791125e+03
3.763981218425372845e+03
3.774473556710547200e+03
3.784892707279139358e+03
3.795237170459769914e+03
3.805505442554982437e+03
3.815696016082582446e+03
3.825807380020919481e+03
3.835838020058379243e+03
3.845786418846783363e+03
3.855651055095384436e+03
3.865430327798962935e+03
3.875122508636880866e+03
3.884725854063807219e+03
3.894238616762866968e+03
3.903659045974739911e+03
3.912985387832526158e+03
3.922215885702145442e+03
3.931348780528464431e+03
3.940382311186834613e+03
3.949314714840253146e+03
3.958144227301956562e+03
3.966869083403387776e+03
3.975487517367628698e+03
3.983997763188105637e+03
3.992398055012456098e+03
4.000686627531751128e+03
4.008861716374731714e+03
4.016921558507147438e+03
4.024864392636064622e+03
4.032688459619110290e+03
4.040392002878554649e+03
4.047973268820086105e+03
4.055430507256350666e+03
4.062761971835001077e+03
4.069965920471228401e+03
4.077040615784747843e+03
4.083984325541039652e+03
4.090795323096739139e+03
4.097471887849145787e+03
4.104012305689767345e+03
4.110414869461610579e+03
4.116677879420287354e+03
4.122799643698737782e+03
4.128778469717949520e+03
4.134612469175908700e+03
4.140299559388795387e+03
4.145837656622257782e+03
4.151224685319843047e+03
4.156458578745785417e+03
4.161537279634255356e+03
4.166458740844735075e+03
4.171220926023594984e+03
4.175821810271411778e+03
4.180259380816000885e+03
4.184531637690798561e+03
4.188636594418493587e+03
4.192572278699612980e+03
4.196336733105847088e+03
4.199928015777853034e+03
4.203344201127311862e+03
4.206583380542922896e+03
4.209643663100229787e+03
4.212523176274779871e+03
4.215220066658494943e+03
4.217732500678949691e+03
4.220058665321289482e+03
4.222196768852360037e+03
4.224145041546924404e+03
4.225901736415558844e+03
4.227465129933907519e+03
4.228833522773040386e+03
4.230005240530556875e+03
4.230978634462027003e+03
4.231752082212617097e+03
4.232323988548339912e+03
4.232692786086752676e+03
4.232856936026680160e+03
4.232814921516662253e+03
4.232565176628346308e+03
4.232106118097345643e+03
4.231436193574185381e+03
4.230553883100807070e+03
4.229457727601784427e+03
4.228146392301398009e+03
4.226618595370096045e+03
4.224873090214731747e+03
4.222908666179158899e+03
4.220724149239547842e+03
4.218318402694051656e+03
4.215690327846442415e+03
4.212838864683232714e+03
4.209762992543929613e+03
4.206461730784032625e+03
4.202934139430311006e+03
4.199179319827844665e+03
4.195196415278716813e+03
4.190984611671554376e+03
4.186543138101723343e+03
4.181871267481800714e+03
4.176968317141652733e+03
4.171833649417989363e+03
4.166466672232796554e+03
4.160866839660143341e+03
4.155033652481310128e+03
4.148966658727297727e+03
4.142665454208797200e+03
4.136129683032815592e+03
4.129359038105810214e+03
4.122353261622778518e+03
4.115112145541888822e+03
4.107635532044394495e+03
4.099923373653213275e+03
4.091976023774262103e+03
4.083794011382770805e+03
4.075377912960395861e+03
4.066728352381970126e+03
4.057846000971592730e+03
4.048731577542568175e+03
4.039385848421117316e+03
4.029809627453617850e+03
4.020003799294587225e+03
4.009969440675712121e+03
3.999707729592922078e+03
3.989219889134536970e+03
3.978507187162858827e+03
3.967570936096767582e+03
3.956412492678706712e+03
3.945033257726035572e+03
3.933434675866817088e+03
3.921618235260028086e+03
3.909585467300268647e+03
3.897337946307045968e+03
3.884877289198603648e+03
3.872205155150486917e+03
3.859323245238840173e+03
3.846233302068538705e+03
3.832937109386218253e+03
3.819436491678412040e+03
3.805733313754711617e+03
3.791829480316314857e+03
3.777726935509792838e+03
3.763427662466521269e+03
3.748933682827656412e+03
3.734247056254897871e+03
3.719369880017304695e+03
3.704304842786238169e+03
3.689056519609111092e+03
3.673629870174168445e+03
3.658029841258657598e+03
3.642261364865272299e+03
3.626329356400752204e+03
3.610238619181555350e+03
3.593993013376044928e+03
3.577595869808626503e+03
3.561050518447639206e+03
3.544360293657339753e+03
3.527528533201334994e+03
3.510558577255351793e+03
3.493453767429068648e+03
3.476217445797894470e+03
3.458852953944619458e+03
3.441363632011429218e+03
3.423752817762540417e+03
3.406023845657735819e+03
3.388180045937042451e+03
3.370224743716952162e+03
3.352161258098247345e+03
3.333992901285842436e+03
3.315722977720836752e+03
3.297354783224976018e+03
3.278891604157759048e+03
3.260336716586433340e+03
3.241693385469070108e+03
3.222964863850843358e+03
3.204154392073824965e+03
3.185265240356262893e+03
3.166301971817716549e+03
3.147270606012244116e+03
3.128177185309579727e+03
3.109029328331178021e+03
3.089837211390616631e+03
3.070611056222202023e+03
3.051360877576790244e+03
3.032096482127731178e+03
3.012827467688175147e+03
2.993563222729973404e+03
2.974312926194290867e+03
2.955085547584043070e+03
2.935889847328190172e+03
2.916734377408027740e+03
2.897627482235539901e+03
2.878577299773889536e+03
2.859591762890504469e+03
2.840678600932767949e+03
2.821845341516996086e+03
2.803099312521072534e+03
2.784447640991432763e+03
2.765896523198724481e+03
2.747450329544660235e+03
2.729113078379112721e+03
2.710888669535976078e+03
2.692780886142058534e+03
2.674793396478689374e+03
2.656929755892766934e+03
2.639193408754063512e+03
2.621587690455929987e+03
2.604115829456163283e+03
2.586780949355449593e+03
2.569586071010425258e+03
2.552534114678796868e+03
2.535627905045714215e+03
2.518870258897431995e+03
2.502263999572682678e+03
2.485811859431745233e+03
2.469516476266302561e+03
2.453380384118204802e+03
2.437405797823195371e+03
2.421594640795149189e+03
2.405948755368369348e+03
2.390469912976089290e+03
2.375159816316095657e+03
2.360020101519439777e+03
2.345052340320979511e+03
2.330258042230631872e+03
2.315638656704388723e+03
2.301195575313940026e+03
2.286930133914216185e+03
2.272843614807897211e+03
2.258937248906215245e+03
2.245212217885329665e+03
2.231669656337697688e+03
2.218310653917955278e+03
2.205136792457419688e+03
2.192152022411580674e+03
2.179358185240272633e+03
2.166756207257839378e+03
2.154346981148502891e+03
2.142131368177960212e+03
2.130110200370571420e+03
2.118284282678887394e+03
2.106654395145821127e+03
2.095221295059545810e+03
2.083985719101467566e+03
2.072948385487585711e+03
2.062109996103615686e+03
2.051471238634400379e+03
2.041032788236460419e+03
2.030793357754600720e+03
2.020742879270565936e+03
2.010867927117152021e+03
2.001155278105975185e+03
1.991591964111399875e+03
1.982165262842119546e+03
1.972862689433213518e+03
1.963671988832189527e+03
1.954581128953711413e+03
1.945578294579112026e+03
1.936651881977734320e+03
1.927790265205040896e+03
1.918979985858221426e+03
1.910207800675254703e+03
1.901467835146689822e+03
1.892757308307165431e+03
1.884073499071208062e+03
1.875413735343575127e+03
1.866775393660230066e+03
1.858155898866516509e+03
1.849552585403432886e+03
1.840961351797832776e+03
1.832377271893603847e+03
1.823795501215222203e+03
1.815211289873252554e+03
1.806619794843695900e+03
1.798011582741997472e+03
1.789372514880297558e+03
1.780688368702287335e+03
1.771943900153732102e+03
1.763123461088370277e+03
1.754211741085863650e+03
1.745193782937424658e+03
1.736054991426012293e+03
1.726781143322742992e+03
1.717358449135973387e+03
1.707774793115430839e+03
1.698020133630011060e+03
1.688086901464064567e+03
1.677968583391142374e+03
1.667658970264110167e+03
1.657152164686855258e+03
1.646442509929020616e+03
1.635523990197931425e+03
1.624390596061627775e+03
1.613036694352334735e+03
1.601457041490918755e+03
1.589646867572856308e+03
1.577605141204913707e+03
1.565338235844676547e+03
1.552856313128491138e+03
1.540169722219033929e+03
1.527288760048605809e+03
1.514223660857829827e+03
1.500984606251714240e+03
1.487582792175920304e+03
1.474030913464712739e+03
1.460340708585149287e+03
1.446512386287770823e+03
1.432538575826701845e+03
1.418412438479184630e+03
1.404130574119065614e+03
1.389692751836464595e+03
1.375099190367045594e+03
1.360350447737182321e+03
1.345447422314471396e+03
1.330392620421498577e+03
1.315210595121970300e+03
1.299946311477692689e+03
1.284643993403363766e+03
1.269346044630109418e+03
1.254093090640830496e+03
1.238926131452189566e+03
1.223887263883696278e+03
1.209016777206299821e+03
1.194347307282018846e+03
1.179869471736926243e+03
1.165557510785392878e+03
1.151389752013479438e+03
1.137346252499628690e+03
1.123407996073693539e+03
1.109556874428256833e+03
1.095775799007192973e+03
1.082051829454325116e+03
1.068403628025868784e+03
1.054871803273406385e+03
1.041495501543791079e+03
1.028311864023730323e+03
1.015356205817866567e+03
1.002662077698341818e+03
9.902612432014907426e+02
9.781819671953348916e+02
9.664386463206400322e+02
9.550383568478755478e+02
9.439859719811696550e+02
9.332859409401114590e+02
9.229424474615731242e+02
9.129593992305836991e+02
9.033375675785150634e+02
8.940716527913970140e+02
8.851543677088917548e+02
8.765786425350030413e+02
8.683376951055779500e+02
8.604228213162132306e+02
8.528220380669289398e+02
8.455236113694210189e+02
8.385191374387949281e+02
8.318037842570928433e+02
8.253694477628846471e+02
8.192025664718654525e+02
8.132895661404527345e+02
8.076173507914834317e+02
8.021729884260785184e+02
7.969392671085378197e+02
7.918944636267981423e+02
7.870171358299999156e+02
7.822864068679731417e+02
7.776818616129505699e+02
7.731815195421361295e+02
7.687543360348248598e+02
7.643595906184307296e+02
7.599567319886002679e+02
7.555060355739784654e+02
7.509667594722064905e+02
7.462976270441607767e+02
7.414754996469240496e+02
7.365099433075957904e+02
7.314142258317339156e+02
7.262045935420794649e+02
7.208990354568769590e+02
7.155147487649941240e+02
7.100501283516850890e+02
7.044790972416772092e+02
6.987774407564120338e+02
6.929231313908479706e+02
6.868951066654061606e+02
6.806728711449086404e+02
6.742335508138761497e+02
6.675598006410118614e+02
6.606376586206382626e+02
6.534543382882599190e+02
6.459983888496925601e+02
6.382817622490924805e+02
6.303673484380867649e+02
6.223228358661629045e+02
6.142129930040135832e+02
6.060995921407205742e+02
5.980319357452261784e+02
5.900099087486539702e+02
5.820201608975650061e+02
5.740501000248277705e+02
5.660879707798299023e+02
5.581350724451641554e+02
5.502405944390532113e+02
5.424645308591997264e+02
5.348634905115635547e+02
5.274909217733636524e+02
5.203692740739676310e+02
5.134238254201565042e+02
5.065636867236924559e+02
4.997027013355576628e+02
4.927600489617818766e+02
4.857388445236181838e+02
4.787801515644230790e+02
4.720306754352997700e+02
4.656288866056513598e+02
4.596927559670934897e+02
4.542018754094640940e+02
4.490591646961865990e+02
4.441712021038358102e+02
4.394490268755776583e+02
4.348474993450473676e+02
4.304018508529534870e+02
4.261546617957562262e+02
4.221468896020588772e+02
4.184045630397505988e+02
4.148760566671458605e+02
4.114809648727155036e+02
4.081408982418824962e+02
4.047906594419288240e+02
4.014776371362640930e+02
3.983090092445611390e+02
3.953842733968735956e+02
3.927860815723899464e+02
3.903986143560112509e+02
3.879629404187192563e+02
3.852243583688348281e+02
3.819616777884778003e+02
3.782561466112134099e+02
3.743790126396799565e+02
3.705957840055937709e+02
3.671236753958827990e+02
3.638298925788758993e+02
3.604304589256492477e+02
3.566513087972869016e+02
3.523435384091077935e+02
3.477902433383490575e+02
3.433611638201516030e+02
3.394009822157203189e+02
3.359031103709944546e+02
3.323836622239788312e+02
3.283513254134571753e+02
3.234261312607891909e+02
3.179177406838755928e+02
3.124335046398856548e+02
3.075412778375488756e+02
3.034658658351757481e+02
2.998590919543249242e+02
2.963317602142824398e+02
2.925647329226842999e+02
2.885897664288689271e+02
2.845699296538521708e+02
2.806571340692167951e+02
2.769244016156232533e+02
2.733673211475058906e+02
2.699719195044079925e+02
2.667256255929249278e+02
2.636285918211360126e+02
2.606825407898064100e+02
2.578900261464285677e+02
2.552498555866035304e+02
2.527568546148939959e+02
2.503826491224162680e+02
2.479846135294677936e+02
2.453890833242082579e+02
2.424880898839602992e+02
2.395604372359717900e+02
2.370143610286279738e+02
2.351473577912110784e+02
2.336776760778108724e+02
2.321217600119983331e+02
2.300941507610731946e+02
2.276501233236501776e+02
2.249792818875845910e+02
2.222389986422832351e+02
2.194816709748413928e+02
2.167342479374457866e+02
2.140281354773086093e+02
2.114060743836737686e+02
2.089139751449128823e+02
2.065222479347214630e+02
2.041046802636913924e+02
2.015489266661294039e+02
1.988848083162633884e+02
1.962220415455333580e+02
1.936368861846408151e+02
1.910892260019112427e+02
1.885198429949462877e+02
1.859811640358501847e+02
1.836504349615823628e+02
1.816338407637276191e+02
1.796180736829885234e+02
1.771522488491528975e+02
1.742142088042160992e+02
1.714164512432813012e+02
1.692998171467553732e+02
1.677918855545255781e+02
1.665866861055238815e+02
1.654113031886412841e+02
1.640282246622699631e+02
1.622703279345450937e+02
1.602484039434445151e+02
1.581457790296820178e+02
1.561627882360118065e+02
1.545087519808780314e+02
1.531781406163573536e+02
1.517770496095740782e+02
1.500069443512075509e+02
1.481289390155751278e+02
1.465057109160481446e+02
1.450428937125631137e+02
1.434065165716204433e+02
1.415453152482236874e+02
1.396951822500084006e+02
1.379695276959421903e+02
1.362590812047859856e+02
1.344878745474349273e+02
1.327171587828135557e+02
1.310271223916255110e+02
1.294948634338012994e+02
1.281497518198643490e+02
1.267824828170898286e+02
1.251701731968621942e+02
1.234540961137598032e+02
1.218706620825763309e+02
1.204098268707779198e+02
1.189803864744106079e+02
1.176632788657944104e+02
1.165746799730453347e+02
1.155209487834600708e+02
1.142326221399597017e+02
1.128335533805799997e+02
1.115533281896038176e+02
1.103677637389831716e+02
1.091887409934515745e+02
1.079917326340042223e+02
1.067815045602165469e+02
1.055986472441274771e+02
1.043727065610408147e+02
1.028315423296024989e+02
1.011366070383854634e+02
9.991536243445969490e+01
9.903243464926102035e+01
9.788223467937534394e+01
9.648116570220884114e+01
9.511316626081772085e+01
9.406603306239780693e+01
9.336072542271467967e+01
9.258363056410102843e+01
9.144711110126166886e+01
8.993724108239783277e+01
8.883117624527875478e+01
8.847813976939357872e+01
8.758636928161367052e+01
8.603725063747498325e+01
8.487143345378717640e+01
8.395637341022349176e+01
8.296302437536643026e+01
8.207679517530640112e+01
8.121484010326174996e+01
8.018891217587530207e+01
7.934210215711017611e+01
7.872821292641945945e+01
7.795157011221941445e+01
7.686540399275052948e+01
7.571337356030491605e+01
7.503144957103248203e+01
7.425145798792736684e+01
7.306733292641348498e+01
7.234336880984747609e+01
7.169698056686533505e+01
7.076218830933844117e+01
7.013193629734004730e+01
6.942947475124812229e+01
6.844260750853010222e+01
6.763286554007177642e+01
6.676076661824332348e+01
6.588316834436081137e+01
6.531769643030206396e+01
6.469219895986083202e+01
6.400097392259297635e+01
6.329968316810152373e+01
6.236800638688465881e+01
6.148909193154067765e+01
6.085955266563875909e+01
6.034213177003581308e+01
5.960307374046288942e+01
5.871634135999860149e+01
5.795067855533754653e+01
5.741755675485292443e+01
5.691967887129109016e+01
5.644335158988782553e+01
5.573372396925151406e+01
5.492302729474659628e+01
5.448693610518760266e+01
5.391253882055543301e+01
5.328790383173362244e+01
5.262631509603087920e+01
5.199124354718328789e+01
5.154414201433677789e+01
5.090359325483461106e+01
5.039018942895998521e+01
4.991078002088458732e+01
4.927707420610487077e+01
4.862152949133385960e+01
4.808067861346868455e+01
4.751689256114227788e+01
4.700061316161502845e+01
4.661526995225998604e+01
4.606326275101458378e+01
4.555006301113085243e+01
4.517732435736264307e+01
4.459863397854314826e+01
4.400972633713757887e+01
4.360989112571719772e+01
4.309569253997182159e+01
4.274278234830734391e+01
4.221966170233947935e+01
4.163278602497057079e+01
4.127112871176954911e+01
4.081536283765071005e+01
4.034830988642489302e+01
3.986479096865311078e+01
3.935571836769796761e+01
3.909455371993182382e+01
3.874843686022803979e+01
3.815716738579701683e+01
3.774215553224928499e+01
3.742313725415154835e+01
3.702067131510847275e+01
3.658106928397812396e+01
3.610101017932263545e+01
3.571792596857294910e+01
3.544235830087627903e+01
3.491731109812302236e+01
3.469706624889103352e+01
3.420122187136151837e+01
3.398176497732563917e+01
3.364793606015354754e+01
3.312522121379321760e+01
3.281511119098833262e+01
3.243034407752915627e+01
3.217417710232167138e+01
3.183434005793642996e+01
3.149100813739863369e+01
3.112654262861356713e+01
3.086046125170747345e+01
3.050390707628055509e+01
3.016121086630827008e+01
2.977825723108166756e+01
2.953570749482754465e+01
2.918683728595118865e+01
2.895702560609485587e+01
2.860609386537730003e+01
2.825003878804218971e+01
2.797655539777665012e+01
2.766903706502683136e+01
