2.411537845919883125e+02
2.426897681560555782e+02
2.442349613821503738e+02
2.457894111697527251e+02
2.473531645663718450e+02
2.489262687670255900e+02
2.505087711137084909e+02
2.521007190594122278e+02
2.537021592897191624e+02
2.553131376384871487e+02
2.569336999879888594e+02
2.585638923135228993e+02
2.602037606820456972e+02
2.618533512507786440e+02
2.635127102657892237e+02
2.651818840605591845e+02
2.668609190545203091e+02
2.685498617515742126e+02
2.702487587385910501e+02
2.719576566838766780e+02
2.736766023356273649e+02
2.754056425203524441e+02
2.771448241412834363e+02
2.788941941767502612e+02
2.806537996785377800e+02
2.824236877702235802e+02
2.842039056454831893e+02
2.859945005663768711e+02
2.877955198616120356e+02
2.896070109247816617e+02
2.914290212125727066e+02
2.932615982429596215e+02
2.951047895933670588e+02
2.969586428988054081e+02
2.988232058499901882e+02
3.006985261914265379e+02
3.025846517194769376e+02
3.044816302803934036e+02
3.063895097683396784e+02
3.083083381233695377e+02
3.102381633293937284e+02
3.121790333513634437e+02
3.141309954696656064e+02
3.160940965076124485e+02
3.180683832839613956e+02
3.200539026183331544e+02
3.220507013285513835e+02
3.240588262279603669e+02
3.260783241227147755e+02
3.281092418090264005e+02
3.301516260703962189e+02
3.322055236747981439e+02
3.342709813718470286e+02
3.363480458899245491e+02
3.384367639332793942e+02
3.405371821790933495e+02
3.426493472745156623e+02
3.447733058336666545e+02
3.469091044346110380e+02
3.490567896162917236e+02
3.512164078754416892e+02
3.533880056634591824e+02
3.555716293832443284e+02
3.577673253860141358e+02
3.599751399680788495e+02
3.621951193675819809e+02
3.644273097612208971e+02
3.666717572609154558e+02
3.689285079104611214e+02
3.711976076821371180e+02
3.734791024732898563e+02
3.757730381028748639e+02
3.780794603079734202e+02
3.803984147402721874e+02
3.827299469625032771e+02
3.850741020630271123e+02
3.874309225720048175e+02
3.898004498800366378e+02
3.921827251777614265e+02
3.945777894531412358e+02
3.969856834864425537e+02
3.994064478451726359e+02
4.018401228789588231e+02
4.042867487144088159e+02
4.067463652499079103e+02
4.092190121503878117e+02
4.117047288420489508e+02
4.142035545070335161e+02
4.167155280780694966e+02
4.192406882330649296e+02
4.217790733896524102e+02
4.243307216997164915e+02
4.268956710438445725e+02
4.294739590257692612e+02
4.320656229667438879e+02
4.346706998998881772e+02
4.372892265644990175e+02
4.399212394002955193e+02
4.425667745416538423e+02
4.452258678117730710e+02
4.478985547168196604e+02
4.505848704400211204e+02
4.532848498357205358e+02
4.559985274233860082e+02
4.587259373815936669e+02
4.614671135419520169e+02
4.642220893829995134e+02
4.669908980240536494e+02
4.697735722190083152e+02
4.725701436013026751e+02
4.753806406585512718e+02
4.782050907796071897e+02
4.810435208633600723e+02
4.838959573111322356e+02
4.867624260190253267e+02
4.896429523702398683e+02
4.925375612273286947e+02
4.954462769244273090e+02
4.983691232594323424e+02
5.013061234861448838e+02
5.042573003063608894e+02
5.072226758619416955e+02
5.102022717268181395e+02
5.131961088989791051e+02
5.162042077924011210e+02
5.192265882289578940e+02
5.222632694302742493e+02
5.253142700095513646e+02
5.283796079633571026e+02
5.314593006633737104e+02
5.345533648481090268e+02
5.376618166145790383e+02
5.407846714099504197e+02
5.439219440231480576e+02
5.470736485764359713e+02
5.502397985169478716e+02
5.534204066082147619e+02
5.566154849216253524e+02
5.598250448278847671e+02
5.630490969884319838e+02
5.662876513468152098e+02
5.695407171200686207e+02
5.728083027814459456e+02
5.760904145325350783e+02
5.793870544973282222e+02
5.826982235007602640e+02
5.860239214759031938e+02
5.893641474538544571e+02
5.927188995535891536e+02
5.960881749717942739e+02
5.994719699726834961e+02
6.028702798777853786e+02
6.062830990557299629e+02
6.097104209119826237e+02
6.131522378786054333e+02
6.166085414039712305e+02
6.200793219424646168e+02
6.235645689442003459e+02
6.270642708446856659e+02
6.305784150545136981e+02
6.341069879490130461e+02
6.376499748579200286e+02
6.412073600550255605e+02
6.447791267478183954e+02
6.483652570671338253e+02
6.519657320567982879e+02
6.555805316632616950e+02
6.592096347252453370e+02
6.628530189633935379e+02
6.665106609699053024e+02
6.701825361982017739e+02
6.738686189525899408e+02
6.775688823779158838e+02
6.812832984492641799e+02
6.850118379616368429e+02
6.887544705196621635e+02
6.925111644443844625e+02
6.962818835816857472e+02
7.000665862103688823e+02
7.038652289233275496e+02
7.076777668979299278e+02
7.115041538842829141e+02
7.153443421935270408e+02
7.191982826861649301e+02
7.230659247604386337e+02
7.269472163407452854e+02
7.308421038660940212e+02
7.347505322786207671e+02
7.386724450121412247e+02
7.426077839807693408e+02
7.465564895675749995e+02
7.505185006133178831e+02
7.544937544052251042e+02
7.584821866658454610e+02
7.624837315419582637e+02
7.664983215935565113e+02
7.705258877828981667e+02
7.745663594636383777e+02
7.786196643700218374e+02
7.826857286061753030e+02
7.867644766354665080e+02
7.908558312699490216e+02
7.949597136599063560e+02
7.990760432834750873e+02
8.032047379363610844e+02
8.073457137216611272e+02
8.114988850397754732e+02
8.156641645784261527e+02
8.198414633027804257e+02
8.240306904456762140e+02
8.282317530326506585e+02
8.324445488409301106e+02
8.366689676699745633e+02
8.409048970911693459e+02
8.451522226058109482e+02
8.494108276341587498e+02
8.536805935046528475e+02
8.579613994432939990e+02
8.622531225632294536e+02
8.665556378544747531e+02
8.708688181738706362e+02
8.751925342351904646e+02
8.795266545994613807e+02
8.838710456654820291e+02
8.882255716605379803e+02
8.925900946313313398e+02
8.969644744351161307e+02
9.013485687310608228e+02
9.057422329718194760e+02
9.101453203953342381e+02
9.145576820168713539e+02
9.189791666213017152e+02
9.234096207555828641e+02
9.278488887215322620e+02
9.322968125688375949e+02
9.367532320882808108e+02
9.412179848052946909e+02
9.456909059736980225e+02
9.501718285697817237e+02
9.546605832865953971e+02
9.591569985285570965e+02
9.636609004063377597e+02
9.681721127320079177e+02
9.726904570145059097e+02
9.772157514217185508e+02
9.817478032579183491e+02
9.862864131277551678e+02
9.908313790331667406e+02
9.953824963981680867e+02
9.999395580653813340e+02
1.004502354292906375e+03
1.009070672751634788e+03
1.013644298522912891e+03
1.018223014096609518e+03
1.022806599369624564e+03
1.027394831644767919e+03
1.031987485630067340e+03
1.036584333438526528e+03
1.041185144588278945e+03
1.045789686003174438e+03
1.050397722013841076e+03
1.055009014359173989e+03
1.059623322188259863e+03
1.064240402062784824e+03
1.068860007959892982e+03
1.073481891275522685e+03
1.078105800828208658e+03
1.082731482863366409e+03
1.087358681058062302e+03
1.091987136526291579e+03
1.096616587824713406e+03
1.101246770958939578e+03
1.105877419390285468e+03
1.110508264043061899e+03
1.115139033312370429e+03
1.119769453072434317e+03
1.124399246685436538e+03
1.129028135010925325e+03
1.133655830883265708e+03
1.138282018866516637e+03
1.142906373089774206e+03
1.147528564593878400e+03
1.152148261345183073e+03
1.156765128249381405e+03
1.161385631948199034e+03
1.165986862471224640e+03
1.170584521928615004e+03
1.175178261430654857e+03
1.179767729017645252e+03
1.184352569677821521e+03
1.188932425366155485e+03
1.193506935023997812e+03
1.198075734599597354e+03
1.202638457069465403e+03
1.207194732460671503e+03
1.211744187873974624e+03
1.216286447507877938e+03
1.220821132683585120e+03
1.225347861870841371e+03
1.229866250714712351e+03
1.234375912063270334e+03
1.238876455996208506e+03
1.243367489854384075e+03
1.247848618270298857e+03
1.252319443199520038e+03
1.256779563953065690e+03
1.261228577230701376e+03
1.265666077155247649e+03
1.270091655307788415e+03
1.274504900763899968e+03
1.278905400130809994e+03
1.283292737558847193e+03
1.287666479241861907e+03
1.292026146992083113e+03
1.296371252590681479e+03
1.300701304692891426e+03
1.305015808878997859e+03
1.309314267706804912e+03
1.313596180765529425e+03
1.317861044731198717e+03
1.322108353423477865e+03
1.326337597864027657e+03
1.330548266336275901e+03
1.334739844446745792e+03
1.338911815187804450e+03
1.343063659001955784e+03
1.347194853847599461e+03
1.351304875266307363e+03
1.355393196451552967e+03
1.359459288319018015e+03
1.363502619578305257e+03
1.367522656806221221e+03
1.371518864521545765e+03
1.375490705261253197e+03
1.379437639658295438e+03
1.383359126520833343e+03
1.387254622912957529e+03
1.391123584236950364e+03
1.394965464316949692e+03
1.398779715484156668e+03
1.402565788663476951e+03
1.406323133461669613e+03
1.410051198256902353e+03
1.413749430289812835e+03
1.417417275755961555e+03
1.421054179470924737e+03
1.424659556942439849e+03
1.428232776825198698e+03
1.431773202232271160e+03
1.435280194955162642e+03
1.438753115583901490e+03
1.442191323629196404e+03
1.445594177646574281e+03
1.448961035362577832e+03
1.452291253802899746e+03
1.455584189422531836e+03
1.458839198237863457e+03
1.462055635960703739e+03
1.465232858134258777e+03
1.468370220270998743e+03
1.471467077992371969e+03
1.474522787170432821e+03
1.477536704071265149e+03
1.480508185500227910e+03
1.483436588948976578e+03
1.486321272744249200e+03
1.489161596198378220e+03
1.491956919761478957e+03
1.494706605175335199e+03
1.497410015628896872e+03
1.500066515915371156e+03
1.502675472590903837e+03
1.505236254134774072e+03
1.507748231111066843e+03
1.510210776331808574e+03
1.512623265021540192e+03
1.514985074983218965e+03
1.517295586765474809e+03
1.519554183831152841e+03
1.521760249388730927e+03
1.523913094513334954e+03
1.526011958637494672e+03
1.528056080804665726e+03
1.530044703067411547e+03
1.531977070721088921e+03
1.533852432539855045e+03
1.535670041014875096e+03
1.537429152594763309e+03
1.539129027928079495e+03
1.540768932107883757e+03
1.542348134918206824e+03
1.543865911082406456e+03
1.545321540513303489e+03
1.546714308565010924e+03
1.548043506286372576e+03
1.549308430675925820e+03
1.550508384938269273e+03
1.551642678741805639e+03
1.552710628477674391e+03
1.553711557519828375e+03
1.554644796486153382e+03
1.555509683500520850e+03
1.556305564455631611e+03
1.557031793276599728e+03
1.557687732185125924e+03
1.558272751964154395e+03
1.558786232222909348e+03
1.559227561662194148e+03
1.559596138339793015e+03
1.559891369935932971e+03
1.560112674018593680e+03
1.560259478308606504e+03
1.560331220944391134e+03
1.560327348033128374e+03
1.560247287463906559e+03
1.560090460603000110e+03
1.559856300075796753e+03
1.559544250305278865e+03
1.559153772541821809e+03
1.558684355873958566e+03
1.558135505158900742e+03
1.557506738138609762e+03
1.556797585707878625e+03
1.556007592180647180e+03
1.555136315554409748e+03
1.554183327772566145e+03
1.553148214984537162e+03
1.552030577803508550e+03
1.550830031561646820e+03
1.549546206562621819e+03
1.548178748331227780e+03
1.546727317860065114e+03
1.545191591852972579e+03
1.543571262965133656e+03
1.541866040039720247e+03
1.540075648340799489e+03
1.538199829782466168e+03
1.536238343153970163e+03
1.534190964340631581e+03
1.532057486540537639e+03
1.529837720476645700e+03
1.527531494604331556e+03
1.525138655314062817e+03
1.522659067129145569e+03
1.520092612898325342e+03
1.517439193983082305e+03
1.514698730439521569e+03
1.511871183199753432e+03
1.508956661225361358e+03
1.505955338438926219e+03
1.502867406513001015e+03
1.499693074840156441e+03
1.496432570565385959e+03
1.493086138612452714e+03
1.489654041704141036e+03
1.486136560376321995e+03
1.482534003695458978e+03
1.478846765019961140e+03
1.475075280270874600e+03
1.471220002126347481e+03
1.467281399892586705e+03
1.463259959422621023e+03
1.459156183029257363e+03
1.454970589392218926e+03
1.450703713459492064e+03
1.446356106342882185e+03
1.441928335207799819e+03
1.437420983157310047e+03
1.432834649110440068e+03
1.428169947674800369e+03
1.423427509013540430e+03
1.418607978706657605e+03
1.413712017606695326e+03
1.408740301688906584e+03
1.403693521895848107e+03
1.398572383976547826e+03
1.393377608320175341e+03
1.388109929784390260e+03
1.382770097518319972e+03
1.377358874780253700e+03
1.371877038783357193e+03
1.366325584959934531e+03
1.360706204613443333e+03
1.355020731011769840e+03
1.349270992747760829e+03
1.343458813047486728e+03
1.337586009094084375e+03
1.331654360833027567e+03
1.325665340117643382e+03
1.319620245454577343e+03
1.313520374119897042e+03
1.307367023797564798e+03
1.301161492183674682e+03
1.294905076595419359e+03
1.288599073584696725e+03
1.282244778556672600e+03
1.275843485393276524e+03
1.269396486081805961e+03
1.262905070348734171e+03
1.256370525298815892e+03
1.249794135059577911e+03
1.243177180431336183e+03
1.236520938542751765e+03
1.229826682512072921e+03
1.223095681114122726e+03
1.216329198453100616e+03
1.209528493641264276e+03
1.202694820483584181e+03
1.195829427168414213e+03
1.188933555964222705e+03
1.182008442922477570e+03
1.175055331005568178e+03
1.168075860957106670e+03
1.161072121901272112e+03
1.154046209061956915e+03
1.147000801977070523e+03
1.139939526669729503e+03
1.132866028893193288e+03
1.125783881043829751e+03
1.118696581778048539e+03
1.111607555736513632e+03
1.104520153372307504e+03
1.097437650879668126e+03
1.090363250219932752e+03
1.083300079241278809e+03
1.076251191888900394e+03
1.069219568502225229e+03
1.062208116195782623e+03
1.055219669320460071e+03
1.048256990001737677e+03
1.041322768751704189e+03
1.034419625151570472e+03
1.027550107526223883e+03
1.020716453684650332e+03
1.013920297507039663e+03
1.007163152132003916e+03
1.000446486571305286e+03
9.937717263632694085e+02
9.871402542465780243e+02
9.805534108532026494e+02
9.740124954192849600e+02
9.675187665128786421e+02
9.610734427773353445e+02
9.546777036893558943e+02
9.483326903305841142e+02
9.420395061717779299e+02
9.357992189210543756e+02
9.296128928745768008e+02
9.234815942440586696e+02
9.174063551564953514e+02
9.113881723243790702e+02
9.054280098485415920e+02
8.995268361048076713e+02
8.936856204602611342e+02
8.879052998432838422e+02
8.821867783854511345e+02
8.765309283938381668e+02
8.709385913286986352e+02
8.654105787857772611e+02
8.599476734825858557e+02
8.545506302480480372e+02
8.492201770148526521e+02
8.439570158140489866e+02
8.387618237713277267e+02
8.336352541045496309e+02
8.285779371220845633e+02
8.235904812215850370e+02
8.186734738888711718e+02
8.138275939037057469e+02
8.090538863711497015e+02
8.043524442230240084e+02
7.997230363476558068e+02
7.951654327090999459e+02
7.906794046782925989e+02
7.862647253508739595e+02
7.819211698616664989e+02
7.776485156960243330e+02
7.734465429981687521e+02
7.693150348766931756e+02
7.652537777073953293e+02
7.612625614335919408e+02
7.573411798641088808e+02
7.534894308842278861e+02
7.497067112490132104e+02
7.459902014667328558e+02
7.423360315086608807e+02
7.387403844384485865e+02
7.351995167932066124e+02
7.317097560228979773e+02
7.282674981143252353e+02
7.248692053937826358e+02
7.215114045026899703e+02
7.181906845408612980e+02
7.149036953722720682e+02
7.116470615441568270e+02
7.084167140913027652e+02
7.052084153147631014e+02
7.020190540619420290e+02
6.988460154703078615e+02
6.956867320812134494e+02
6.925386817517022564e+02
6.893993872095435336e+02
6.862664156980661119e+02
6.831373275792913091e+02
6.800091792251789684e+02
6.768787486240405542e+02
6.737428702242998497e+02
6.705984399287133328e+02
6.674423953212483411e+02
6.642712347324876418e+02
6.610810055118547552e+02
6.578677632922945122e+02
6.546271641415859222e+02
6.513546926910626098e+02
6.480459360466434191e+02
6.446965891615085411e+02
6.413024575420749898e+02
6.378594602213626104e+02
6.343636516748230179e+02
6.308116787876344915e+02
6.272007550830963964e+02
6.235279762902691800e+02
6.197904626364905880e+02
6.159854535372965074e+02
6.121103112662474359e+02
6.081624950432610603e+02
6.041393398858984938e+02
6.000381919903202288e+02
5.958565458108454322e+02
5.915920494662755118e+02
5.872425312287224415e+02
5.828069863701230133e+02
5.782868567050853699e+02
5.736849908299018352e+02
5.690043382030197563e+02
5.642478616991706986e+02
5.594185347595304165e+02
5.545193460128640481e+02
5.495536942427647773e+02
5.445255679953411345e+02
5.394387802455652263e+02
5.342947246673073778e+02
5.290932047007046322e+02
5.238341581638113666e+02
5.185187020880131286e+02
5.131490302671783184e+02
5.077274062205351015e+02
5.022561200404369970e+02
4.967374865047759158e+02
4.911741740389235815e+02
4.855731796991669853e+02
4.799450777028969242e+02
4.743002308838571253e+02
4.686486089276138500e+02
4.629998034947605561e+02
4.573638196287451478e+02
4.517513357711968638e+02
4.461726217937039110e+02
4.406366087338532225e+02
4.351457262866782116e+02
4.296999317559985343e+02
4.243002734225981385e+02
4.189480140442858556e+02
4.136443444071823592e+02
4.083903848875149833e+02
4.031872340479228001e+02
3.980366691721555981e+02
3.929450547913708078e+02
3.879217718623938822e+02
3.829757802030421772e+02
3.781155508442038240e+02
3.733491283949521176e+02
3.686841473944668905e+02
3.641278149184684025e+02
3.596866757826805383e+02
3.553651319545127194e+02
3.511660916766636547e+02
3.470916410773340317e+02
3.431436945257931939e+02
3.393240533741549712e+02
3.356344025628520740e+02
3.320752646954925922e+02
3.286450746452077851e+02
3.253417023949073155e+02
3.221630840170710144e+02
3.191072386097595768e+02
3.161714583598709396e+02
3.133518121872929783e+02
3.106444341337727337e+02
3.080463606402643109e+02
3.055555854026039242e+02
3.031688889180457522e+02
3.008810556266051890e+02
2.986868735405751636e+02
2.965813138979357859e+02
2.945594133233059324e+02
2.926146304094267521e+02
2.907387684658912690e+02
2.889237410639463519e+02
2.871616761141550001e+02
2.854448776220333457e+02
2.837651186569111132e+02
2.821125251157743605e+02
2.804759521232281259e+02
2.788444034202952935e+02
2.772070974977006586e+02
2.755527857318207339e+02
2.738698871526821108e+02
2.721497562557070751e+02
2.703889686416367226e+02
2.685848740205257172e+02
2.667361074051619312e+02
2.648421485310825005e+02
2.629024824071369153e+02
2.609134065025020277e+02
2.588670995800205787e+02
2.567567421676698700e+02
2.545762866310820982e+02
2.523200083779580609e+02
2.499825718988428775e+02
2.475601060898999037e+02
2.450521142386627389e+02
2.424591446760439055e+02
2.397819353008029850e+02
2.370214271143478868e+02
2.341819811842192109e+02
2.312758724631035534e+02
2.283162057807057579e+02
2.253156101635606774e+02
2.222862228977124062e+02
2.192391631498996105e+02
2.161802733385911779e+02
2.131135547759284634e+02
2.100428582796337764e+02
2.069719137085698435e+02
2.039066858454043256e+02
2.008600458361162282e+02
1.978459402209466020e+02
1.948774898593428873e+02
1.919670428223255385e+02
1.891227894095727322e+02
1.863399952020207877e+02
1.836115228674144930e+02
1.809306048013239661e+02
1.782908355982243620e+02
1.756962429986921279e+02
1.731690863593961183e+02
1.707321720045380857e+02
1.684070028106060306e+02
1.662117982988033305e+02
1.641437893343828591e+02
1.621889904810434757e+02
1.603339878979589059e+02
1.585660573557857731e+02
1.568776842195429140e+02
1.552696627605475612e+02
1.537434184388328049e+02
1.523003585789148246e+02
1.509401846441087116e+02
1.496524111461130246e+02
1.484218771809995019e+02
1.472337115060856547e+02
1.460748941664712390e+02
1.449469541780186432e+02
1.438583072706142616e+02
1.428153489467521524e+02
1.418222353997389291e+02
1.408553661578679055e+02
1.398712597797290584e+02
1.388275959821216929e+02
1.376874389750250032e+02
1.364589268285989476e+02
1.351786307978600519e+02
1.338827706358049738e+02
1.326023850612025115e+02
1.313166875116180847e+02
1.299821665531513020e+02
1.285570293713937247e+02
1.270188259449343349e+02
1.254120767011791457e+02
1.237950250244065273e+02
1.222220407928954415e+02
1.206940747386033621e+02
1.191406302975004934e+02
1.174925710841928321e+02
1.156983467849030092e+02
1.138114222185901667e+02
1.119303356239836376e+02
1.101476536066320051e+02
1.085032682557805543e+02
1.069486059427982241e+02
1.054287907230315113e+02
1.038994787762665339e+02
1.023668985633047441e+02
1.008555456111028832e+02
9.938819232053857888e+01
9.797885392957176975e+01
9.663291446893933312e+01
9.535282459155735069e+01
9.413767437652910530e+01
9.298357815400001414e+01
9.188648061134126976e+01
9.084438369621416598e+01
8.985950478471201563e+01
8.893373022968182795e+01
8.806293963490307419e+01
8.721391961800746628e+01
8.634535485380021669e+01
8.542799624168058870e+01
8.450793001788224501e+01
8.365709876618835494e+01
8.292764261927032976e+01
8.226733064417169317e+01
8.158843179911046661e+01
8.082022630227555737e+01
7.996505661531817566e+01
7.904762889558014649e+01
7.809187609868862978e+01
7.711842946324885872e+01
7.614610545593436086e+01
7.518543818122857658e+01
7.423020204449755965e+01
7.327422968109884494e+01
7.230938051757357243e+01
7.132217509090956753e+01
7.030240051489322184e+01
6.926818545780595571e+01
6.825375605855735728e+01
6.728061324653930342e+01
6.632668447996937289e+01
6.536299145039772895e+01
6.439732958868920321e+01
6.347815243275836394e+01
6.263867817020643258e+01
6.182432383595919134e+01
6.095177620301286225e+01
6.001690182089108561e+01
5.913164087190779838e+01
5.839447630166684178e+01
5.778925992111199861e+01
5.725603094285140315e+01
5.673698836127440615e+01
5.617494377930795224e+01
5.553143094951101233e+01
5.484433309205842022e+01
5.416878496994614522e+01
5.353275921986177366e+01
5.294454146145358209e+01
5.238847271115485427e+01
5.180603085897951132e+01
5.115765559018238662e+01
5.049987620297923030e+01
4.990418739709596707e+01
4.933154422693235119e+01
4.868654779698838553e+01
4.796863603646418284e+01
4.727220310575870599e+01
4.663676475736518512e+01
4.600584876847609195e+01
4.534286766406368940e+01
4.468375756056616410e+01
4.406633568300392767e+01
4.349535886105748261e+01
4.296066007940426346e+01
4.241542069202078835e+01
4.181661997620395255e+01
4.120964416069875824e+01
4.065954692457423647e+01
4.015438630799557274e+01
3.965654146786013001e+01
3.917726193218212671e+01
3.874181054094606935e+01
3.831778930244934145e+01
3.785765586230478164e+01
3.737800785470585652e+01
3.691497954497987877e+01
3.647631479499086993e+01
3.605502998453673058e+01
3.561932925083137746e+01
3.515226806258635150e+01
3.469282826332876368e+01
3.423933412443140156e+01
3.370299350592023302e+01
3.312300327120055243e+01
3.267972937968712444e+01
3.233787619558428617e+01
3.192947524792252523e+01
3.146035746900054875e+01
3.100266661550997327e+01
3.060212828060377888e+01
3.025967134109062329e+01
2.991311243362286376e+01
2.951378435998709548e+01
2.905493484984697972e+01
2.868239666259139398e+01
2.845100277038585546e+01
2.808234724716300690e+01
2.758217623889081693e+01
2.721472071882421417e+01
2.690480553076643844e+01
2.654071828588528348e+01
2.619855289176889102e+01
2.587572848813332271e+01
2.552653115702616660e+01
2.522562138377557872e+01
2.497189068578918381e+01
2.465649346419126786e+01
2.426049043733852528e+01
2.386562117705246422e+01
2.361346508020832857e+01
2.335148153983455899e+01
2.297001634839210027e+01
2.264229990882935084e+01
2.236541708895234848e+01
2.208859636969594220e+01
2.183399783257008053e+01
2.157535073197364284e+01
2.129617822921543535e+01
2.101261107372372550e+01
2.068843668591467377e+01
2.037661646595720200e+01
2.016648024174370235e+01
1.995967371986224848e+01
1.968365845438125561e+01
1.936819023250197702e+01
1.910576589060476493e+01
1.880371616422791092e+01
1.851704306603408767e+01
1.833094153637063073e+01
1.809727173486677287e+01
1.784460902730490162e+01
1.762063892976227919e+01
1.741195700456587048e+01
1.718444375881329478e+01
1.696322935250383779e+01
1.672654881752001899e+01
1.648209113409897952e+01
1.628801531811150127e+01
1.609560322721561221e+01
1.587172582592531356e+01
1.564337614980987290e+01
1.544217791954380559e+01
1.524708040216931870e+01
1.502922166748220789e+01
1.486655848122947532e+01
1.468590584996772819e+01
1.446558720131182874e+01
1.426773211474322167e+01
1.407776240505668142e+01
1.386569087319896276e+01
1.368468712600674664e+01
1.352160237130019915e+01
1.335073113609313467e+01
1.320395776373816688e+01
1.303850817874990753e+01
1.282043121419348708e+01
1.265108646514585544e+01
1.248901646473567517e+01
1.229024138199112315e+01
1.219298827278682396e+01
1.200332652037978676e+01
1.182933773391411059e+01
1.169296607943083721e+01
1.156312208468921199e+01
1.137616774201705283e+01
1.122315281781449237e+01
1.105214666157576353e+01
1.093925082244579272e+01
1.081565822168506763e+01
1.061939734980213146e+01
1.051395440034737483e+01
1.038811157346277980e+01
1.025835790338647691e+01
1.010854016623478380e+01
9.950464615137560642e+00
9.823073106532717702e+00
9.694509411726622616e+00
9.565569929443853425e+00
9.474256274555832746e+00
9.295335534718129011e+00
9.194394860776226253e+00
9.093494553228879340e+00
8.946549975126220744e+00
8.849694657058012837e+00
8.704849341219548009e+00
8.609221957737739572e+00
8.499551961021277080e+00
8.372944832895941047e+00
8.255383716748797340e+00
8.157705617819548394e+00
8.066566767320333398e+00
7.926339053291347803e+00
7.822051037201160462e+00
7.721232078887366512e+00
7.626377105396022316e+00
7.541773717080918260e+00
7.429672175142805202e+00
7.338007184762455282e+00
7.211155878843876543e+00
7.121178450220149614e+00
